-0.685079573
1.802104857
0.910675156
0.431145842
-0.427595359
0.035790528
-0.931802897
0.044056262
-0.496496348
-0.540852814
0.884437472
0.069380799
-0.824023128
0.080125864
0.160311033
-0.390797804
0.459285086
-0.119587257
-0.336439173
-0.723956016
-0.150496568
0.692651134
-0.442091931
0.416174569
0.189744109
0.214699912
0.314570211
-0.605128185
0.011202275
1.099450767
-1.033961069
-0.526434332
1.088057112
-1.007445593
0.041277492
-0.266667128
-0.571110321
-0.310293379
-0.879874448
-0.12770249
-1.127500134
-0.346771063
-1.242887665
-0.274725594
-1.745253037
-0.587554981
0.071941834
-1.062601536
-1.217076518
-1.201303828
-0.752264477
-0.732069823
-0.274980001
-0.706930187
0.004586219
0.756036448
-1.386283434
0.276869172
0.849534174
-0.691537073
-0.688312533
-0.149343281
-0.055171066
-0.446658584
0.156916574
0.911582765
0.014200538
-1.333563767
0.38029763
-0.595267917
-0.237740186
-0.927751173
0.545038634
0.053264058
0.88282987
0.912290468
0.479072801
-1.321054791
-0.245308629
0.265864411
0.737552137
-0.094387367
0.246450013
-0.503214057
-1.28300266
0.27383284
-0.018635859
0.191503003
-0.162077259
-1.600617641
-1.539473961
-1.329945029
-1.254089826
-1.350175372
-0.132096055
0.473276118
-0.336919823
0.828445123
0.350229595
0.193083821
0.117171367
0.4277177
0.045747131
-0.18952715
0.623514745
0.515588715
-0.081890139
1.393619887
-1.630256285
-0.07663202
0.047440386
-0.56912431
-0.601265741
0.384756208
0.455683916
0.277018034
-0.168440901
-0.290984387
-0.29438931
-0.523431553
-0.334981248
0.257418761
0.187697494
-0.663089495
-0.885846893
0.560886171
0.359425611
-0.595727589
0.795988153
0.657545604
0.655965031
3.054574544
-0.442823389
1.650225435
0.087201825
0.096216468
-0.782677385
0.526157362
1.438422946
-0.550162928
0.490866856
0.166270182
0.228473087
-0.745847133
0.287734547
-0.258539456
0.159320547
-0.021943162
0.556173151
-0.109405145
-0.440996116
-0.096168059
-0.129194838
-0.178618023
0.192150533
0.120460752
0.220846748
-0.223870868
0.049957368
-0.120195299
-0.12427323
-0.014324843
0.199078494
-0.327750681
-0.444558091
-0.080438711
0.041935869
-0.454995323
-0.049697932
-0.099347262
0.132660053
0.167343475
-0.756972253
0.144537474
1.673200127
1.971790811
-0.141666261
0.831017655
-0.035325617
-0.478582428
-0.163993463
-0.025543044
-0.189169048
-0.030446903
0.009127442
-0.219642784
-0.092852599
0.710642277
-0.964625299
-0.537282488
-0.007203589
0.285017179
0.743488793
-0.259305967
1.221839308
0.866546275
-0.408677517
0.806853327
0.583748509
0.579111319
-0.798887933
0.09630497
-0.58554557
0.244103547
-0.757398088
0.383450493
-0.929589926
0.057921654
1.346428551
0.108166247
0.543574613
-0.145166946
0.040959739
0.078629256
-0.076938702
-0.227263877
-0.402550599
-0.061106977
-0.361395741
0.028106803
0.145482172
0.310446077
-0.51301697
0.080085479
0.404133027
-0.069107169
-0.165152799
-0.273857638
-0.72818185
0.153744191
0.622698089
0.765286562
0.821778351
0.744810593
-0.250753217
0.313922194
0.216590176
0.59478646
0.143277181
0.523961373
-0.12197791
0.239735761
-0.173786547
-0.700693191
0.307169479
0.195268318
0.119808659
0.06572267
-0.346706447
2.072195219
-0.119851197
0.701348382
0.289879537
1.148354918
0.88864812
0.43162425
0.479176177
0.473058242
0.534694078
0.655995315
0.554519588
0.43637372
0.475127307
0.939319214
1.084101794
0.380282727
0.09006161
0.676422409
0.345349879
0.811879981
-0.013692562
1.089740582
1.139175045
0.800090769
0.81733359
-0.784604423
-0.279884407
0.262549705
-0.773903088
-0.925640471
-1.364094049
-1.655241872
-0.549048289
-0.744176327
-0.677299452
-0.650297148
-1.278528103
-0.983285742
-0.005777417
-1.296620666
-0.673884251
-0.810093698
-0.815643375
-0.770303099
-0.612937542
-0.322383956
1.127900184
0.038016158
-0.491556905
0.141421829
1.019285893
-0.191236743
0.498887005
0.211814172
0.06285035
0.959384067
0.348978988
0.489130873
-0.091957129
1.024946617
0.004856946
0.362615933
-0.456577954
0.647050273
0.551423954
-0.012763317
0.571253874
-1.165700079
2.446571724
-0.690203892
-0.377235064
-0.63220964
1.230954729
0.347739288
-0.775933304
0.180723648
-0.183548839
0.010600973
0.019277785
-0.121119505
0.121683578
0.459668599
-0.795882932
-1.20534032
0.246040686
0.436474568
-0.018005961
-0.622803215
0.230223762
0.369980532
0.192814448
-0.096447642
-0.163605077
0.141193054
0.289675551
-0.463177873
-0.503706831
0.046300202
-0.108625865
-0.034116425
-0.027455819
-0.594736153
0.209564894
-0.403108998
-1.006971323
-0.63204101
-0.74565631
0.316222641
-0.295275939
-0.054774291
-0.275614751
0.930565559
0.920017761
0.441334009
0.840032197
-0.168965497
0.724557506
-0.474157128
0.080195975
-0.504065658
1.330614784
-0.697022904
0.304325703
0.392873102
-0.530434222
0.212204974
0.422594662
0.480575358
0.25784758
0.380490448
0.2669017
0.260110688
0.47182268
1.262450401
-0.247202638
0.593379555
-0.056640207
0.114159285
0.22006593
0.346223184
0.129856058
-0.134275931
0.107525645
0.099597012
0.405235201
-0.23633103
-0.146416631
0.530353253
-0.452768351
0.081990973
0.044333324
0.097749597
-0.493115444
1.515792208
2.56146776
-0.176816195
0.156296079
0.169651587
0.489696575
-0.717415382
0.119235248
0.31671489
0.234589922
-0.115647697
0.40108455
0.753902242
0.084549077
0.197436805
0.574305335
0.061473117
0.22063246
0.612432898
0.450091805
-0.055208189
-0.184312168
-0.203260117
-0.12372932
-0.369326492
-0.407727884
0.24861298
-0.08754694
0.103362428
-0.179063856
-0.418360329
0.394066967
0.033490777
-0.765382961
0.363078236
-0.231490788
0.038257879
0.207931538
-0.167488664
0.152817965
0.552854461
0.326202512
-0.040775333
0.462565754
0.464366744
-0.089990733
0.202639549
0.389669557
-0.139946259
-0.784089105
0.201671262
-0.43485802
0.190491032
0.009141906
1.520040161
-0.018286068
0.046022936
1.392103803
2.379144157
-0.055451937
-0.88633421
0.257446728
0.389942453
-0.174801157
0.082572608
0.031318942
-0.614143584
-0.2471476
-0.14697711
-0.949704868
-1.164038012
-0.620236541
-1.501165426
-0.45146229
-0.164009139
-0.366414715
-0.24164747
-0.234827624
-0.050773218
0.349969263
-0.29491981
-0.088583548
0.179032881
-0.085524902
-0.05664619
-0.138592776
-0.136854312
-0.207383685
-0.187037425
-0.350953264
-0.281599655
-0.416759104
-0.154135003
-0.362174271
-0.194639824
0.458662943
0.209804449
0.261503564
0.247647158
-0.029588505
-0.478501223
-0.41174287
0.152239111
0.058769473
0.095754699
0.594146633
0.360937801
-0.467825136
-0.074497517
0.037489485
0.831057719
-0.042496638
0.210835859
0.418968906
0.766131524
0.296254979
-0.142429445
0.289545284
-0.857662254
0.376737284
0.293970888
0.294239752
0.083449074
0.204553518
0.264831043
-0.362697098
-0.042215761
0.100496498
0.768780535
0.517881553
0.052526137
-0.252455207
0.045322821
0.179208812
0.052005458
0.103831746
-0.152190079
-0.339130854
0.647863208
-0.39896688
-0.10438374
0.169471041
0.242802819
0.374023956
-0.006058979
0.602432123
0.311223243
0.280244823
-0.055692874
0.034395614
-0.144134693
0.489546297
0.102888127
0.101802557
-0.094390608
0.102727423
-0.734629484
-0.098865263
-0.245704787
-0.229432321
0.037755762
-0.26766894
0.088651646
-0.503081412
0.382856514
-0.088369231
-0.424966888
-0.033518683
-0.028759667
0.384528942
-0.103526071
-0.165622422
-0.210139176
-0.013732585
0.366095455
-0.347501976
0.386440047
-0.195654455
0.490223733
0.083365387
0.421057054
-0.704033711
-0.47373225
-0.469010548
0.766719981
-0.335898361
-0.051047116
-0.223327576
0.094137237
0.423751174
0.318940408
0.668570884
-0.12427357
0.06943844
-0.086658646
-0.03024399
0.884618688
-0.001423476
-0.272417272
0.791899679
0.190076573
-0.104290318
-0.483859137
0.044567482
-0.202744851
-1.730680312
-1.39372183
-0.250728181
0.085893773
-0.441812681
0.005764344
-0.123059749
0.103400383
-0.255571192
0.391820771
0.707932414
0.166894214
-1.123135834
-0.84960156
-0.376747656
0.201431059
-0.00732512
-0.603571218
-0.074768271
0.024710935
0.216197884
-0.02307556
-0.018302035
-0.630640164
-1.055950456
-0.033662039
-0.509876061
-0.807880292
0.476724174
-0.970170959
-0.607710739
-0.014017856
-0.688968224
0.045691335
0.527572963
0.010531659
0.684764281
0.125328643
-0.334880453
-1.14376471
-1.757902876
-1.404882197
-0.548962488
-0.306192872
-1.033264082
-0.845719748
-0.535001137
-2.252989253
-1.257288554
-0.928186471
-0.787669692
-0.738120923
-0.482186901
-0.497669344
1.016113736
-0.636899819
-0.662771344
-0.389444915
-0.095516294
1.659465609
-0.244227241
-0.037843465
0.10762886
-0.400292782
-0.903819903
-0.155015649
-0.083700695
0.962756821
0.386850316
0.323781742
0.38503901
1.005105503
0.565063934
0.08089696
0.106345832
-0.571945326
1.023921292
0.327922447
0.259904898
0.423991685
0.009595574
0.10915211
0.442606216
-0.102393364
-0.082913158
-0.146392118
0.413382106
-0.212820455
0.140823077
0.450875511
0.764081731
-0.113329986
1.850364091
-0.092623703
0.30530092
0.051786489
-0.207203417
0.34133787
0.489494827
0.888808517
0.138772958
-0.035405404
0.413560904
0.262246605
0.102086284
0.106132145
0.1585919
0.150487166
0.206499332
0.428491861
0.400111796
0.295870341
-0.742735524
0.191265439
-1.360780101
-0.308591551
-0.943743644
0.103909305
-0.403869474
0.353048243
-0.582863568
-0.114549487
-0.490526622
-0.050202631
0.088389251
0.433096163
0.117281427
-0.433543103
0.264447356
0.215899465
-0.279299354
0.487243854
0.325535687
0.338565754
0.368891593
0.084329731
0.669084466
0.373500427
0.287807953
-0.511048314
-1.159001795
-0.617419262
-0.118489975
0.587761203
-1.383756006
-0.94299261
-0.357274934
1.215328749
-0.330852277
-0.152488261
-1.328336267
-0.043795621
-0.421730372
0.075693613
-0.837708712
-1.761864045
0.404795678
-0.227855679
-0.341908151
-0.279718798
0.121359933
0.152159311
1.414413837
1.649005309
2.871562145
1.513792933
2.345485792
2.216717699
4.153057932
0.247559231
0.750795509
0.40953175
0.122963044
0.171261446
0.067248673
0.378991159
0.137863597
0.60796537
0.826060176
0.958506123
1.855200925
-0.521499309
0.152648348
-0.532472527
-0.333215468
-0.325776357
0.031547091
0.459686074
-0.298788026
0.798730484
-0.065801646
-0.29703237
1.127052422
1.351323332
0.058264495
0.331574179
0.110748083
-0.014305729
0.078117421
0.622458521
-0.467457067
0.565414744
0.498840522
0.179302817
1.010813958
-0.615339954
-0.454143304
-0.407413162
-0.117107414
-0.080466083
0.310441571
-0.39495392
-0.478460058
0.665894182
0.291240403
-0.477483313
-0.708500979
0.320996945
0.321452831
-0.045258099
0.204710094
-0.636678595
0.554468905
0.882060519
-1.083447049
-0.289492945
0.012572613
-0.469573504
0.122112234
-0.478887872
0.466615997
0.266093077
-0.381571443
0.112019454
-0.834742716
-0.034201306
-0.122683313
0.367982089
-0.000655128
-0.743103885
-0.375129879
-1.529038309
-0.263951263
0.186334318
0.376630559
0.531661409
1.139251827
3.919880583
0.224779024
0.211926996
-0.614364745
-0.664983936
-0.161008841
0.255576066
-1.091187523
-0.218694249
0.11382242
1.511385135
0.509665823
-0.499218816
0.158452006
0.943461594
-0.004526604
0.075608714
0.29696609
0.152534719
0.503405828
0.803336212
-0.126624113
0.829979293
-0.057533553
-0.53801384
-0.43050134
-0.38759037
0.759594904
-0.630845877
-0.033723927
-0.271958618
0.254275983
-0.843959851
-0.083059835
-0.191404991
-0.020370544
-0.191200103
0.599530134
0.234865823
0.012057667
0.102846581
-0.879561052
0.53418887
-0.649157617
-0.65109881
-0.081540355
-0.698916799
0.004332916
0.544088207
0.558390096
0.264799203
1.70838068
1.262080396
-0.226356656
-0.600286617
-0.387181094
-0.38196504
-0.061957596
0.05956511
0.232666017
-0.287690487
0.311417854
-0.363189069
-0.026655943
0.475252752
0.361734488
-0.360386953
-0.265358851
0.030164771
0.713826326
-0.284747694
0.581496155
3.120772244
-0.070758443
0.20802598
0.140705625
-0.283967022
-0.264075987
1.344831429
0.034139616
-0.839725014
0.769497861
0.362089182
0.09122703
0.222688593
0.653113975
0.268824684
0.341311254
-0.316337186
0.247049695
-0.533841001
-0.455522143
0.952189683
0.713052206
0.455883384
1.814930312
0.210669351
0.618470729
0.173449585
0.257351741
0.610084893
0.371197856
-0.028513112
0.008200626
-0.213111825
-0.809272468
-0.327194269
-0.784998559
-0.776243323
-0.801813964
-0.684736234
0.078020889
-0.271398556
0.213622065
0.375952975
0.187305887
-0.189828028
-0.477124081
0.167972566
0.146829363
-0.362459515
-0.568095327
-0.430512107
0.112153749
-0.433142106
-0.514825884
-0.12042643
-0.481250506
-0.784534063
-0.455017411
0.633631672
-0.814302474
-0.619816555
1.88848673
-0.594476586
-0.20788901
-0.549177059
-0.566076451
-0.252533922
-0.174939184
0.038216608
0.216026884
-0.241439279
0.008114065
0.057112251
0.64799792
0.341124105
0.228120376
-0.122936192
-0.349966482
-0.535227033
0.662693995
0.340121912
-0.052603707
-0.143309616
0.304628764
0.043551657
-0.292294797
-0.326448298
0.161399231
0.322004378
-0.147022516
-0.35127593
-0.149084093
0.184617748
-0.244351248
-0.800697336
0.392838862
0.269216331
-0.167298434
-0.305298752
-0.020521121
0.705921153
-0.406296423
-0.862884121
-0.841032461
-0.663063369
-0.492261193
0.166985537
0.769744017
0.284553584
0.148951212
-0.578023622
-0.182725501
-0.42934109
0.464723234
-0.516297067
-0.641670142
-0.284864924
-0.244505696
0.173113891
0.136643645
0.083814929
0.163493712
0.764110794
-0.304716639
0.268918795
0.137129861
0.264905777
-0.163150204
0.847550572
0.572983232
0.414978951
-0.331206329
-0.211213574
-0.406252537
0.050637689
0.327224461
0.275837153
1.063574134
0.979831973
-0.04894936
0.426227301
0.266770741
0.255080659
-0.370301326
0.224557005
-0.07704077
-0.259788422
0.075021214
0.076709102
0.538913821
0.745862419
0.745648947
0.364395087
0.006081655
0.154850626
0.363739548
-0.236888162
-0.50127126
-2.122820875
0.282075698
-0.50251673
0.120351068
-0.20212054
-0.522759248
0.342609481
-0.749778094
-0.118068092
-0.97444011
-0.230354304
-0.412880812
-0.461769896
0.271909479
-0.376971067
0.175437161
0.2813233
1.316670845
-0.067783849
0.428781794
0.085099723
-0.026414464
-0.571379375
-0.761740874
-0.633571504
-0.239237327
-0.570005697
0.448736643
-0.638423171
1.995048489
-0.190263018
0.374248826
0.019332224
-0.880276432
-0.188970595
-0.284717179
-0.005369926
-1.391597822
0.663333312
-0.836805709
-1.625520628
-0.486710272
-0.285885029
-1.24473464
-0.281151589
-1.095232337
-0.467332217
1.525367436
-0.047626623
-1.108684609
0.381263244
-0.161185399
-1.367499414
-1.958178173
-0.037136553
-0.575582412
0.184626888
-1.31928164
0.504908103
0.233542314
0.449154458
-1.614411867
0.036679337
-0.823860127
-1.775518568
0.613649663
0.222330285
0.410672056
-0.043817121
0.243629228
0.304258579
0.521101793
0.015387343
-0.963579768
0.769974543
0.587876237
-0.208704453
0.061106921
0.127253514
0.123060837
-0.301576105
1.483709091
-0.850590826
-0.83054331
-0.329548637
0.06790441
0.260259559
-0.703364803
0.465053697
-0.617412899
-0.12661363
-0.272329801
0.301782067
-3.279941093
-0.268111093
-0.059993462
-0.561709023
-0.608856414
0.876544449
0.841947857
-0.290669789
-0.308686833
0.054123082
-0.10698131
-0.380905622
0.003543056
-0.433658719
-0.34779238
-0.769395363
-0.01696124
0.863576533
-0.363002239
0.339348727
-0.263718711
0.462809754
0.192256464
0.65063411
0.294118127
0.621003302
-0.181691109
-1.855757279
-0.981452266
0.48827437
-0.689626117
0.165925713
0.096392536
-0.528470463
-0.124380552
0.251631387
0.218458433
0.258442406
0.536370932
0.383971032
-0.247283761
-0.700831412
0.342885012
0.254770843
0.513801522
-0.458419497
2.965657635
-0.931909343
-0.462608766
-0.333121775
0.070467853
-0.318761686
0.645139923
1.197747704
0.276390496
-0.040510199
-0.258406356
-0.589268548
-0.462489106
-0.520954497
0.135855179
-0.067469134
-0.387800266
-0.321603271
-0.769422382
0.115939293
-0.067114777
-0.215001131
-0.227638859
-0.250551985
-0.007967804
-0.094148596
-0.527221541
-0.679630699
-0.600234518
-0.893331838
-0.119372365
-0.297597072
0.475949834
0.281621741
0.853150352
-0.65565012
1.776724236
-0.084031382
0.052421592
0.298800163
-0.067003561
-0.275768665
-0.305386068
0.299450743
-0.310997729
0.338583737
-0.232392405
0.311521163
0.613389206
-0.192227857
0.506754305
-0.464208428
-0.408255991
0.280604982
0.142895967
0.754817136
0.545615828
-0.166944532
-0.277912965
0.081668451
1.249938434
1.362674199
0.638941695
0.480891581
-0.345192151
-0.209870689
-0.811608648
0.339085206
-0.002742199
0.403823187
0.199144115
-0.28462841
0.19717488
0.009772952
-0.160406562
0.420907774
0.100397718
-0.299662078
0.885184029
-0.633904472
0.086176121
0.125294477
-0.165154364
1.027251547
0.117269949
1.425608447
-0.025223252
-0.495609169
-0.305398337
-0.908459933
-1.206424879
-0.341110353
0.038375426
-0.235348366
-0.295508834
-0.511593346
0.694343201
0.316458508
0.267880533
0.404170332
-0.372419185
0.34582967
0.719256147
-0.033287466
-0.234042732
0.278329845
-0.434442923
-1.193832935
-0.131944555
-0.206993441
-0.265138451
0.053967592
-0.139421158
-0.048112954
0.308187287
0.208471484
-0.111984549
-0.624937405
0.102366433
-0.085581062
0.31883289
-0.171389682
0.652761089
0.196280965
-0.158181654
2.01266629
-0.25117568
-0.310070456
-0.259050334
0.219068138
-1.202498649
0.15808394
-0.228990861
-0.469314988
-0.604494844
-0.286357172
-1.105907708
-0.666046935
0.623654375
1.400783333
0.167595141
0.271578729
0.121073898
-0.290442719
0.155454224
-0.579641718
0.376900189
0.255073146
0.005641933
0.060988706
1.875363365
0.170057759
0.626677568
0.065438129
-0.270762736
0.17732611
0.452779561
-0.421965132
-0.608159478
0.974369336
-1.426965527
-0.625671513
-0.400267795
0.064892781
-0.41952811
-0.368599996
-0.23661735
-0.167844974
-0.520398429
0.196918836
0.203667901
0.107108157
0.176727528
-0.109775342
0.17492615
0.817991285
0.534561467
0.436391712
0.057521141
0.36093141
-0.505980871
0.829410648
-0.005728655
-0.889592477
-0.173730423
-0.771433806
-0.318501497
0.045908345
0.024711697
-1.345565084
-0.358385868
0.658006996
-0.374219411
-1.071636452
1.078273868
0.104367911
0.110603598
-0.119926025
-0.124991359
0.079101293
4.009910325
2.787639134
0.000936696
-0.408398016
-0.411749124
-0.344310565
-0.061899958
0.889883457
-0.246410626
-1.870023733
-0.560217532
0.039054133
1.396879254
0.353925896
0.176637703
-0.083203711
2.382571545
-0.245431297
-0.757919309
-1.248167697
0.324894729
-0.557682121
-0.312259467
0.236382716
0.439496691
0.769393244
-0.227318644
0.011550374
-0.362679664
0.492261671
0.302729267
1.105507118
1.138892449
0.104907535
0.548221354
-0.456167265
0.357028902
-0.002364105
-0.066961223
0.038121591
0.324643059
0.609870459
0.481995267
-0.504488642
-0.073679302
0.085268267
0.193310281
0.152454359
0.310319514
-0.022167744
-0.086106276
0.169294557
-0.561802812
-0.082200758
-0.560564064
-0.434761029
-0.585867301
0.479179775
1.103561103
-0.410524089
4.60609645
4.143004713
0.465216854
-0.457369552
0.239631885
-0.064863361
-0.271500363
0.112239021
0.346150651
0.042123598
0.471327883
0.129284328
0.406703948
0.24981574
0.383445678
-0.409850848
-0.172086619
-0.010275588
-0.096363894
-0.12855387
-0.191416543
-0.051340565
-0.084408212
0.227991265
0.649477332
-0.605644406
0.15122103
0.117305251
0.500132275
0.010708334
0.800621071
0.14951328
-0.52164107
-0.163807393
0.223067344
-1.489117865
-0.884263562
0.201045947
-0.238562004
-0.233100403
-1.258245672
-0.079438656
-0.519778753
-1.838728338
-0.785800079
-0.682018595
0.401378858
0.493409147
-0.212816353
0.495252075
0.319339069
-0.540158701
-0.985215247
-0.418709107
-0.831993883
0.714906322
-0.218061528
-0.383787286
-0.173596764
0.321175497
1.246662556
0.275472798
-0.296459114
1.438129062
0.641810616
-0.681299598
0.732170109
-2.394563048
0.053006923
-0.103217324
-0.260591711
0.002246279
-0.496002449
-0.351047677
1.617547038
-0.059443354
0.042177561
-0.453095122
0.159475335
0.253072893
0.115312057
-0.670046015
1.126678653
-0.001022775
-0.311556359
-0.209798806
0.489794631
1.445393025
-0.449936129
-0.357652594
-0.110075642
0.016935328
-0.673673322
1.138188147
0.573451293
0.10100233
0.578431791
0.223029169
-0.408439695
-0.077257999
0.383666662
-0.866041889
-1.801744433
0.241103136
0.343908162
-0.156602187
-0.675615467
0.791940112
-0.564964061
-0.098337793
0.659776459
0.290644659
0.613226778
-0.060525212
0.3685346
-0.054190833
-0.629410609
-0.565681113
0.204791732
3.059307067
0.857979725
-1.504534243
-1.603040517
-0.155973343
0.387114312
0.443618421
0.062115757
-0.443975261
0.453124546
-0.307196629
-0.003696459
-0.572973721
0.553849614
1.002180404
-0.298266599
0.683323152
-0.072524343
0.603669569
0.343603037
-0.258901139
0.400091627
-0.20115127
0.301627588
-0.038439061
-0.176122844
-0.071780437
0.434539682
0.060071816
0.075391962
0.96990912
-0.230564168
-0.275121883
-0.226206723
-0.015629498
0.181592725
0.499580649
0.038805371
-0.283549546
0.700998995
0.75146853
0.340763804
-0.055709121
-0.176420876
0.319110465
0.315044662
-0.73211714
1.433020607
0.682287136
-0.036443765
-0.191740712
0.510753065
0.408177771
0.109569397
-0.679319677
-0.22774501
0.66795739
0.134921677
1.489207222
0.530664207
0.430135705
-0.78534278
-0.28293736
0.157583147
-0.629282334
0.891755172
-1.62306103
0.350302897
0.824123477
0.153932311
-0.270669365
0.327699684
0.038279988
1.361401779
-0.001180952
0.018117238
0.182492948
-0.155437708
0.231815665
0.097185902
0.195172462
0.251150242
0.319059273
-0.023564072
0.413240703
0.240540072
-0.289966801
-0.147313172
-0.453598845
-1.019545156
-0.582810767
0.341548831
0.714998276
0.519447765
-0.173903951
0.143301275
0.166982495
0.481857724
0.182148694
0.20724933
-0.330023515
-0.341408607
-0.121164017
0.260805447
0.062040597
-0.214462971
0.195823918
-0.014641068
-0.135778867
-0.957024746
-0.170880207
0.228108907
-1.250738954
-0.029394608
0.840206265
0.508797858
0.026988157
0.426669147
0.654625805
-0.659580789
-0.151710446
0.204148546
-0.833370033
-0.249982081
-0.176761774
0.333048124
0.08742439
-0.705583127
-0.511901326
0.626701668
0.359603168
0.369812027
0.916221175
0.081823643
-0.520580166
0.192752559
0.715097493
0.645364605
0.009223364
0.546850107
0.656811619
-0.084261516
0.417327472
-0.1224066
-0.149800839
-0.264941712
-0.038003547
-0.822006535
-0.314302241
0.013734979
0.140539512
-0.161346662
-0.59159351
0.240336845
0.273241439
0.283748056
0.404901046
-0.369943787
-0.206160946
-0.810140438
-0.147186417
-1.377635547
0.004532812
-0.359754074
0.702199943
-0.899997966
0.992087781
0.544873797
0.249359405
-0.189282865
0.334305878
-0.08220105
-0.353555965
0.2207545
-0.241139651
0.15442708
0.761930099
0.061900222
0.080067512
-0.285612597
-0.083104414
0.296215884
0.151279387
0.023682566
1.749036603
-0.278482578
-0.064501472
0.070458141
-0.632059653
0.276861584
0.140305271
0.322123559
-0.861700177
0.136646222
-0.898923398
-0.96675114
-0.124801529
0.112362074
0.533475909
-0.159511328
-1.166971065
-0.320811069
-0.014220308
-0.761986085
-0.644792946
0.142032644
-0.582647445
0.245863459
-0.703471258
0.340687227
0.031298696
-0.433598534
-0.84060967
0.039619973
-0.229342224
0.246475049
0.150062912
-0.265607098
-0.283866043
-0.24372987
-0.72735626
-1.065253258
-0.36279425
0.802878428
-0.284944701
-0.643766342
-0.111594168
-0.105346308
0.4069697
0.021166124
-0.456499895
-0.156723609
0.170322598
-0.594230332
0.028494239
-0.095964972
-0.490849695
0.537926319
-0.357445573
0.356037097
1.630561816
0.22783279
1.10613874
1.122399986
0.746642875
1.002519107
0.146883482
1.521382267
0.182588293
0.10168838
0.007180795
0.012510879
0.308128952
0.394591502
0.596852396
1.147840052
0.124678938
-0.605236868
0.578345464
-0.213909904
-0.874972712
0.117692656
0.332823594
-0.176831059
0.330829209
0.026838473
0.65140905
0.098012664
0.536144489
-0.069309941
-2.887556969
0.158885038
-0.029207945
-1.164399595
-1.033255325
-1.644826593
1.127789896
-0.412371997
0.104570479
0.355883166
-0.312887853
-1.076073845
-1.475119686
1.656258238
1.007393847
1.368860594
-0.341488651
0.054334879
-0.120071519
0.201669869
0.099531706
0.004605581
0.10858572
0.62128838
0.367860777
-0.240803167
0.297936352
0.03429871
-0.232216273
-0.547956212
-0.482261831
-0.289701523
-1.497008133
0.017701965
-0.007188034
-0.02451392
0.201767605
0.021165622
-0.074466813
-0.007926208
0.015617756
-0.564838682
-0.419473759
-1.454592394
-0.15062265
-0.42653583
-1.189752335
0.147123665
0.288014099
-0.729246025
0.576070455
0.689361363
0.655327133
0.05415723
-0.011169738
0.057286036
-0.082955374
-0.065428197
0.095250751
0.058502324
-2.078148755
-0.708215598
-0.177109281
1.867204953
4.353532816
3.929656279
0.31856281
3.784099854
0.553314618
2.899558673
-0.161820719
0.123363641
1.483532479
-0.110357294
2.165076432
0.829914229
1.147814455
0.276717187
-0.56784231
0.074974994
0.835748543
1.710424962
1.743642744
0.946232535
0.075413948
1.013480956
0.006128096
1.24027326
0.034770864
0.098660116
0.090673732
-0.207159718
0.403930434
-0.091032901
0.598245025
0.099122445
0.106776918
-0.251428081
0.388666838
-1.398264409
-0.496587166
-0.6111958
-0.140740077
-1.214849841
0.053527184
0.403351856
-0.214688059
-1.443481208
-0.665814203
-1.434356066
-1.085387472
-0.718274886
-0.215909692
-0.021481541
0.392150562
1.240432843
-0.184050862
0.642736515
1.014514064
0.015164791
0.15695294
0.059918601
-1.119894869
-0.765103484
-1.184403642
0.230971564
0.21164122
0.465562952
-0.415874647
-0.325165504
-0.113191907
0.266299701
0.358101062
0.549415243
-0.231402525
-0.496833951
-0.484809895
-0.354468308
-0.056048552
-0.357200551
-0.642310884
-0.007397013
0.376547576
0.162651514
0.203224509
0.05895795
-0.405566457
0.024393546
3.701492822
0.806399507
0.35488159
-0.178517807
0.055021195
-0.100343399
0.144423257
-0.203536495
-0.447925327
-0.117542478
-0.538783729
0.517364698
-0.569686934
-2.645561313
0.068510235
-0.442977487
-0.445301059
0.051976428
0.702895199
0.017573719
0.287072514
-0.578376891
0.286127152
1.671995206
0.493653867
0.109588798
0.153621797
0.769486489
0.630225842
-0.330668608
1.727499106
-0.796370843
0.19158129
-0.020955122
-0.153288294
-0.69757645
-0.250894288
0.424076941
0.843145112
0.371510097
0.185664006
0.380324357
-0.212541456
0.0674416
-1.752175623
-0.500938351
-0.735571911
-0.405540389
-0.192147324
-0.636529321
-0.173981122
0.100369089
0.388740008
-1.891859295
-1.432861129
-1.814419842
-1.366375072
-1.686344246
-0.746886941
-1.563406322
-1.870084732
-1.530362109
-1.474157742
-1.306231806
0.353130547
-1.635181276
-1.880740928
-1.748617586
-1.783606927
-2.25827852
-1.775345013
-1.168306929
-2.074446087
-2.183157309
-1.486213515
-1.24628534
-2.067067707
-1.054742323
-1.375783476
-1.215307307
-2.012490128
-1.989044536
-2.008754758
-1.380589783
-1.8585267
-1.572868067
-1.560558515
-1.083635115
-1.595397914
-1.551760861
-1.372564275
-1.979618883
-1.699298081
-1.638133982
-1.574031301
-2.077702843
-1.918461338
-1.786897122
-1.198189439
-2.099215714
-1.559347977
-1.636329478
-2.080554348
-1.652368748
-2.132663683
-1.796281194
-1.964287233
-1.507656076
-0.040358166
0.121839668
-0.442999409
-0.085627867
-0.347529397
0.809438705
0.251327996
-0.170432634
-0.297053502
0.401280026
-0.039438811
0.560052467
0.192871173
0.54982655
-1.612950342
0.031707605
-1.82728698
-1.202268864
-1.493921152
0.290959041
-0.633903522
0.338557507
-0.578829314
1.610889275
2.033160127
0.244693434
0.362115693
-1.693018731
0.105772406
0.437267848
-1.04050866
0.181387146
0.586218134
0.834524745
-0.138643837
-0.045928687
-1.190059134
-0.433811674
-0.449389362
0.793708882
-1.649518283
0.338886843
-0.595490855
0.359068924
-1.739723898
-1.270408051
-1.251594203
-0.966953553
-1.040779439
-0.472671019
-0.31086823
-0.648960652
0.78861892
-0.012771428
-0.772906353
-2.323280147
-0.201701531
0.272570892
0.001517557
0.438160894
-0.467225689
-0.71685577
0.127154404
0.713653933
-0.433127695
0.525565408
-0.129749734
0.527090446
0.875783716
-0.103378373
-0.432915492
0.633931912
-0.145440102
0.629729685
0.357858256
0.271266936
0.507386465
0.865323819
-0.350177681
-0.080895922
0.324896048
-0.731906946
-0.380571139
0.007417932
0.320409178
0.254921906
0.371252875
0.308647066
-1.176161676
-0.308976711
-0.548122235
-1.952576754
-0.301914269
-0.03730289
0.232282741
0.384170465
-0.945673758
-0.32002404
-1.037384559
0.686233168
-0.223183775
0.31345136
0.305216446
0.170268723
0.465496769
-0.333307819
0.622384122
0.127511167
-0.258473658
-0.253104594
0.266100494
-0.743769363
0.175421181
0.207005474
-0.208612709
-0.317461705
-0.104702719
0.372021007
-0.47671025
1.471115067
-1.118431944
4.218251311
0.557459991
0.085730099
0.54071521
0.375695439
0.08784667
-0.299912462
-0.028799313
0.480589401
-0.138766804
0.424396548
-0.314936963
-0.058382946
-0.160494163
0.04804333
0.59285348
0.77603388
0.137315953
0.05648921
-0.703527248
-0.522206888
0.158759117
0.067907368
-0.139162466
-0.05007452
-0.782306065
0.014935598
-0.887168617
0.141429823
-0.005279806
-0.046232411
0.584420006
0.56999843
0.250076084
0.298220009
0.254069508
-0.423387888
-0.293575651
0.235245869
-0.698085426
-0.493816781
-1.126543497
0.28387753
-0.708119682
-0.222102552
0.159988755
-0.570802387
-0.231225995
0.037064537
-0.329351917
0.136633734
-0.57276789
-0.581806851
-0.220355814
-0.329791987
-0.487612879
-0.384449558
0.084462027
-0.400755891
-0.233426235
0.179619111
-0.29294645
-0.921086429
-0.019504425
-0.18639144
-0.267635157
-0.17989457
-0.139330126
0.319994692
-0.044679556
0.363480641
-0.232700916
-0.093322804
0.387551074
0.565096108
-0.514080617
-0.057805815
0.855361097
0.749646813
0.242282511
0.168996671
1.002800537
0.127362279
-0.099612282
-0.352800649
-0.311926743
0.485056796
0.421842527
0.748655867
-0.093530459
-0.556434854
0.478517505
0.073208
0.019939698
-0.34814601
0.433608837
-0.183867801
-0.203312769
-0.343364205
-0.64722665
-0.268760897
0.278523458
0.27727761
1.348710711
0.264814969
-0.036848956
-0.897335888
-0.191715449
0.371057112
-0.457764492
-0.301192442
-0.307878242
-0.163462636
-0.069049202
-0.055719556
-0.408838984
-0.311986101
-0.103662293
-0.444805236
-0.509969301
-0.44102389
-0.393334519
-0.013078746
0.394043871
-0.169401617
-0.192214497
-0.298027798
0.225256393
-0.340143381
-0.097791991
-0.422758262
0.651720189
-0.24784597
0.498264062
0.228317042
0.400537467
0.725732913
0.316658973
0.210652851
0.762974045
0.894394493
0.195040482
0.297997506
0.235924653
0.668987661
0.277144187
0.165273872
-0.685668958
1.156294978
0.211366087
0.412642337
-1.182052534
-0.248560183
-0.432917008
-0.386017518
-0.401208869
0.206341891
-1.245682096
0.574378994
-0.208164108
-0.617567951
0.187324077
0.233453185
0.377569391
0.762668407
-0.399313479
0.094774991
-0.215648253
0.10617795
0.569352426
-0.017107694
-0.276112208
0.364989786
0.078572883
-0.089458325
0.021045598
-0.883281514
-0.186642501
0.826576086
-0.431889457
-0.327568636
-0.184553253
0.105475446
0.037353745
-0.066610582
0.251491191
-0.097025413
-0.510367313
-0.515785774
-0.123983244
-0.325644009
0.014400028
0.335392853
0.178638569
-1.154676715
0.18241731
0.214920395
-0.17251815
-0.564127831
-0.335700963
-0.300767279
0.139097142
0.182612361
0.146830328
1.036233564
-0.183531176
0.45302789
1.147851552
0.138327049
-1.587648456
-1.106426289
-1.618499262
-0.003603662
0.485234405
0.45263302
0.185908552
-0.084896769
-0.1940436
0.104843522
-0.032462051
0.44193253
-0.496196512
0.158675375
-0.321603294
0.620315889
-0.338571146
0.207431823
-0.469227017
0.262600796
-0.02787014
1.576248387
-0.30330666
1.766963487
0.545056218
-1.112318855
0.33803559
0.747033973
0.222453282
1.605447224
0.205287102
-0.194841664
0.585131056
-0.421764233
0.205457522
-0.912066406
0.134277374
-0.163248436
-0.159299979
-0.476502891
-0.530720856
0.036690489
0.066106908
1.047756446
0.492494974
0.26929723
0.490346162
-0.318588111
0.332476721
1.066961309
0.368714411
-0.254635175
-0.061516613
-0.564145782
0.095575912
0.419254993
-1.043859561
0.448883839
1.097955233
0.048997741
0.369128599
-0.031563158
0.032983691
-0.290132953
0.095070297
0.029383275
-0.136501295
0.17654088
0.205971574
-0.090331932
-0.365575805
0.099810976
0.058600341
-1.288041913
-0.720920501
-0.857591376
-2.157556314
0.211755492
-1.519232022
-0.874115963
0.331112525
0.739351398
-1.119521124
0.71469092
-1.083119172
-0.32006094
-1.357599083
0.382999746
-0.994565076
0.211597823
-0.235129285
0.450335579
0.190123975
0.021485909
0.573385896
0.941966705
-0.02998116
0.021560182
0.037637498
0.12983976
0.857871148
0.044108956
0.192656805
0.337909743
0.979266279
0.259020656
0.40269454
0.064608103
-0.012496234
0.19713939
-0.118318879
0.509146303
-0.02816424
0.648889112
0.0794251
-0.201266271
-0.558237953
0.320614477
-0.459154916
-0.27072861
-0.297188452
0.902985066
1.299662593
-0.043428149
0.145007427
0.310909853
-0.036558183
0.174720745
0.983831985
-0.357736825
-0.589925629
-0.12544472
0.166346225
-0.110582219
0.018918606
0.2628128
-0.811229978
-0.956166538
0.634565735
2.045336275
2.03808059
-0.399418009
0.637308338
0.377284696
0.331286938
0.416288568
0.513292745
0.861780288
0.587904067
0.353031601
1.617254985
0.063236807
-0.315962842
-0.154049735
-0.413217201
1.219734662
0.043832522
0.564755792
0.344056442
-0.388487517
-0.026912373
0.307626615
-0.209586371
0.358865271
1.831196958
0.747801099
0.426500518
0.045421499
-0.117088943
-0.914107156
0.43879376
0.5659988
0.259727499
0.619846545
-0.210969087
1.777489232
-0.007888537
0.237901054
0.180673826
0.607328621
0.302772198
0.354243357
-0.371910386
-0.257198905
0.200510291
0.550544814
0.115657325
0.1525677
0.084403244
0.236448171
-0.607299793
1.593308768
0.318086344
-0.052436656
0.084720447
0.22228794
-0.720593259
-0.633388822
-0.010430558
0.679350133
-0.729350269
-0.883283135
-0.22820552
-0.729631491
0.219195036
-0.589474166
-0.545988318
-0.508735669
0.16011457
0.048098578
0.084815648
0.229901618
-0.935550749
-0.627122294
-0.200751365
-0.055300165
0.194623155
0.33132991
0.799754953
0.394214197
-0.085163618
0.422597786
0.530501028
0.107692775
0.599784759
-0.52424265
-0.463558545
0.365603133
0.01643134
0.18628388
0.0419959
0.643419558
-0.095151425
0.165122577
0.52162978
0.20299047
-0.466052463
0.490103173
0.755504743
0.846689738
1.057016732
-0.460423863
-1.301874018
0.589693106
-0.097046228
0.202085459
0.159327168
1.207785751
-0.039355225
-0.174633754
0.087566379
-0.047440435
0.034896307
-0.206170208
-0.46685863
-0.073096999
-0.149288832
-0.140633925
0.4098728
0.215993509
-0.144535235
0.135256961
0.087168347
0.260543065
0.253631356
-0.083976347
0.249193639
0.048611746
0.174439452
0.147712545
-0.268738212
0.167953447
0.086563142
0.586421991
-0.07091454
-0.011461567
0.306793834
-0.010849363
0.369991767
-0.258814701
1.49926463
-0.311900973
-0.121935575
0.257041557
-1.091518741
-0.646413576
0.172275303
0.157436386
0.322012577
0.030386593
-0.072118034
-0.187842198
-0.048783902
0.098486412
0.190434319
0.450420841
-0.090180799
0.380000719
0.176662678
-0.227151276
0.174549403
-0.019660514
-0.063987234
0.034919586
0.101204741
-0.100717412
0.586515211
-0.076303894
-0.243326804
-0.053174265
0.324918895
0.708780372
-0.440453555
0.07151761
-0.03213345
-0.549255897
-0.262611752
-0.876101048
0.00330324
0.100430505
-0.367458866
0.282644177
-0.665214109
0.043477606
-0.102580548
-0.33215686
0.220825083
0.577735383
0.387086317
0.427959076
0.121788997
0.727002408
0.202867028
0.162331395
0.63813668
0.496118434
0.114493978
-0.240510557
0.028944048
0.167082076
0.583575296
0.303532368
0.233328688
0.018828321
-0.357162565
-0.061929905
0.298586573
0.363998816
-0.659656187
0.512206806
-0.453051416
-0.146453565
0.490258459
0.129657866
-0.446209893
0.284183256
0.513635278
-0.025739188
-0.99648001
1.16225871
-0.520875062
0.522476809
-0.546825715
0.241905941
-0.393252213
0.44334707
-0.007697725
-0.178582812
0.927291405
-0.131975289
-0.552269956
0.509399132
-0.802781449
-0.803578235
0.127404105
-0.17460694
-0.910141992
1.15470661
-0.620507902
-0.40303119
-0.386020779
1.280093372
1.264233612
0.092491835
0.764858398
0.251449873
0.460645784
-0.329028896
0.075716129
-0.278871941
-0.947104268
-0.341752589
-0.170235245
-0.664603179
-0.873382979
-0.651828044
-0.552587979
-0.711961839
-0.116143338
-2.435041357
1.293283665
0.89405862
0.33212918
0.408361647
-1.637707082
-1.214099973
-0.089455732
0.014890904
0.241908672
0.344970716
0.562408247
0.086091629
0.475529322
0.15729072
0.177649375
0.386637098
-0.358436775
0.552517777
-0.608647271
0.400010422
0.341293129
0.119705093
0.605744117
0.132623246
0.617577893
0.771004905
0.526787301
0.328869518
1.120679742
0.089054576
0.294295425
1.098588123
0.133125868
0.610937533
0.583218408
0.227332173
-0.424481624
0.440270264
0.127645047
0.188277208
0.979694643
-0.47658365
-0.289452093
0.184257501
0.60225993
-0.380316472
0.149530601
-0.056235624
-0.414262465
-0.210684337
-0.283239149
0.008874569
-0.03167932
-0.39907892
1.599092281
0.066804003
-0.593423758
-0.107168994
0.289230806
0.119708342
-0.096017733
0.500881278
0.276483871
0.951336963
0.057046933
-0.035660593
0.252383557
0.228132811
-0.107214775
-0.153094862
2.041152806
1.289573118
0.737025589
2.129041097
3.378747724
1.83721386
-0.137278877
-0.128120155
-0.563308626
0.48848777
0.085972498
-0.332750959
0.271007337
-0.46821962
-0.777720211
-0.636020108
0.022060415
0.398578728
0.131222487
0.098361109
0.30254026
0.018400974
0.888868455
0.744689243
0.429837104
-0.30696988
0.01640905
0.095743415
0.362393443
0.158879814
0.612191334
-0.463112203
-0.901480821
0.530713037
0.147356445
0.223031994
0.253282376
-0.995978442
0.498080839
0.278958472
-0.01226274
0.870571425
0.100458406
0.938548007
-0.475152999
-0.513220144
0.125211757
0.010875539
0.803172966
0.443060129
-0.131742998
-0.031027652
0.573010286
0.207513146
-1.072727848
-0.451560832
1.074974963
-0.330342669
0.532417771
0.577803405
-0.769243591
1.069471038
0.264858815
0.193323086
-1.089427832
-0.128457725
0.128988003
1.011239026
-0.639374769
-0.030700281
-0.291814477
-0.468663554
-0.74718322
0.07926732
0.327165517
-0.479706535
-0.260024239
-1.806597244
0.742513205
0.176935323
-0.917590259
0.502527207
-0.327673547
0.428995932
-0.405151088
-0.389070016
-0.457687126
0.00773598
0.545667316
0.71268231
1.008477965
-0.096551698
-1.321636938
0.665783174
0.238755297
-2.025167736
0.150455555
0.547676849
-0.168107725
-0.376817448
-0.076664524
0.471127819
0.299085623
-0.618557222
-0.051146634
0.48506011
0.176956198
2.605451268
-0.366287829
-0.188453693
-0.24539733
0.412584181
-0.426367409
0.656878606
0.776947232
0.347824342
0.445682216
0.477336151
-0.125550957
0.346725648
0.279307829
0.293209933
-0.17700996
-0.06635454
0.499916326
-0.017065002
-0.898827827
0.075337876
-1.222976588
-0.200020704
-0.907596637
-0.276668031
-0.249574615
-0.314014704
-0.638786828
-0.738228912
-0.438448878
-0.362092017
-0.493755391
-0.319808057
-0.614322865
-0.180843349
-0.310537927
-0.62478938
-0.190646556
-0.532224837
-0.76864098
-0.561599765
0.066985356
-0.641476
-0.232473057
-0.251245089
-0.251195331
-0.685483449
0.102376774
-0.327757682
-0.601349578
0.589462657
0.988797961
-0.618161489
-1.10729567
-0.520544291
-0.88917343
-0.654818148
-0.642463259
-0.279515672
-0.119404561
0.332501449
-0.746052885
0.125560649
-0.778811269
-0.208829214
-0.495914126
-0.488944289
0.647943174
-0.307855699
-0.153468302
0.033723703
-1.444093599
-0.789662266
0.30462906
0.039244951
0.172912944
-0.700761746
0.244881967
0.168397071
-0.126785419
0.285376822
-0.26983467
-1.091204386
-0.293861789
0.345724952
0.263877836
-0.352636128
-0.416416237
0.254976724
-1.013846964
0.978273426
-0.639260096
-0.668252083
0.029178437
-0.064184912
-0.598463015
0.148373683
-0.004162872
-0.286861595
0.058308428
0.149842629
-0.029500646
0.499215648
-0.623497078
-0.114804697
0.121705721
-0.748147068
0.6673338
0.284377845
-0.174183764
-0.88601541
-0.833411348
0.103966986
0.313746629
0.281361857
0.226119431
-1.668321793
-0.877993632
-0.699949991
-0.004855531
-0.965394146
-0.322652461
-0.356363123
-1.483856849
-0.846585442
-1.495753009
-0.881791886
-0.542991245
0.031306856
0.256406747
0.165725944
0.457082914
0.128203795
0.113353153
0.060291986
0.341187876
0.053518204
0.036417908
0.045735783
-0.04693077
0.117176961
-0.049912182
-0.34971545
-0.687471016
-0.579218609
-0.785714184
-0.696334928
-0.156296788
-0.851160876
-0.119152037
-1.009008175
-0.892453498
0.23615732
0.248317238
-0.850127306
-1.045452823
-0.035283804
-0.017161886
0.089249128
-0.667729692
-0.789396849
-0.707399275
-0.121899916
-0.600434903
0.114668021
-0.18207031
-0.192870935
0.435814093
0.252187801
0.533293716
-0.071901499
0.21042969
-0.814710917
-0.813130085
-0.67477375
-0.673408753
-0.3548701
0.379605791
-1.157578862
-0.290507728
0.33273233
0.036072248
0.216751487
-0.17293941
-0.21266811
-0.183706581
0.054188056
0.027925739
0.119708566
0.370903812
-0.875787683
-0.981777602
0.158171926
0.108394918
-0.678946036
-0.083475214
-0.085320979
-0.763228161
-0.06563567
-0.485058975
-0.706241968
-0.641916828
0.080066086
-1.358429857
-0.582973789
-0.147711784
0.019400317
-1.036486434
-0.010622163
0.276967266
0.063829225
0.28450424
-0.007151063
0.187434991
0.111744913
-0.336243853
0.055561228
-1.60838958
0.431780802
0.265535115
0.219368574
0.614811885
1.228811808
0.52756147
0.060881838
0.893115823
-0.115019728
-0.72213757
-0.634405237
-0.078408512
-0.051114185
-0.464429543
-0.145400069
0.315001072
-0.335609454
0.441575568
0.073569607
0.012889988
0.477644104
-1.384732934
-0.181873458
-0.107401047
-0.121369388
-0.093342077
-0.053188537
-0.128397051
-0.1174505
0.613181124
1.534513981
0.74098806
-0.191620282
0.557014637
-0.799747395
0.280365215
-0.187557543
-0.700818266
-0.241799927
-0.027689286
-0.022173606
0.254705138
-0.262008845
0.036681212
0.24863523
1.20007797
0.233390121
-0.835862882
-1.227336538
-1.162726678
-1.378917426
-1.291201144
-1.86651047
-1.741336957
-1.530592803
-1.754885286
-1.190690023
-1.491439872
-0.629835888
0.119474639
-0.257409214
-0.253746024
0.095374417
0.677214935
-0.511339622
-0.216442252
0.305084333
1.314239203
0.380271176
0.439731215
0.26053204
0.140373266
0.589749005
0.114407412
0.681283845
0.071299596
0.003975638
-0.329360814
0.670840522
-0.410627315
-0.324811626
-0.173940435
0.148164128
0.02700816
0.112933831
-0.652736574
-0.083444154
-0.133288609
0.330498995
-0.326283804
0.556692728
4.192699935
1.314168109
1.176456076
-0.172352472
0.458249637
-0.248578071
-0.443178333
0.234879906
1.163770212
-0.593765221
-0.535162927
-0.183129301
-0.359402892
0.323322172
0.644120561
-0.025188145
0.241701178
-0.279938943
0.048713531
0.188762105
-0.520620116
-0.301681568
0.757964439
-0.167443301
0.170602669
-0.197794643
0.278213804
0.054048809
-0.29530386
0.416149968
0.014971946
-0.583912754
-0.220152395
-0.235378863
1.206443212
0.555100695
0.308533127
-0.255854106
-1.700584962
0.403396162
-1.044658174
0.193671049
0.224463526
0.725699608
-1.752457998
-0.743757889
-0.069435502
-0.750782291
-0.225071687
-0.116214494
0.499188636
-0.807707568
-0.381814948
-0.570011554
0.132979911
-0.082087467
-0.310673104
0.145832796
0.332099816
-0.979912964
-0.638959472
-0.731603637
-0.558517575
0.631518605
0.64248769
0.05598688
-0.073994914
0.843203657
0.118641638
0.859374655
-0.22207796
0.108241985
-0.364190618
-0.472809534
-0.022968284
-0.55464161
-0.021082016
-0.018847203
-0.049314341
0.102692273
-0.340242256
-0.225973373
-0.504231763
-0.256132797
-0.169512994
-0.778684423
-0.293733116
0.097166407
-0.287169159
0.112478643
-0.458415783
0.395978422
-1.206952981
-0.030049023
-0.052680564
-0.712533758
-0.715592178
-0.733949803
-0.297488578
-0.278743298
-0.252650204
-0.469999377
0.136301403
0.026357413
-0.29223751
-0.648316397
0.045331487
-0.388292393
-0.296567987
-0.06160135
-0.19967587
0.211979873
-0.471635385
0.577725438
-0.032905155
1.407554978
0.244477767
0.565038938
-0.873310261
-0.029282029
-0.283481044
0.355482297
-0.205790864
0.638113872
0.67450588
0.342432986
-0.437125009
0.015927596
-0.559324005
-0.441614167
-1.084665768
-0.810073071
0.209959374
-0.739127675
0.52826547
-0.347794598
0.424698912
-0.112224848
0.110816655
-0.113845131
0.043479471
0.272889117
0.046992013
0.490916424
0.085434747
-0.348164154
0.217526344
0.32369248
0.295468046
-0.425634071
-0.137087289
3.02666792
-0.278823135
0.168908979
-0.580022177
0.03166408
-1.393444245
-0.453503535
-0.208513716
-1.123655956
0.026842892
0.102050937
0.084057925
-0.597672431
0.404198012
-0.173698754
0.41171492
0.613770151
-0.816791539
0.373588403
0.272710941
0.549341171
-0.847177985
-0.845519743
-0.172190345
-0.195516194
-0.116092968
0.459582606
0.520114406
-0.665219942
0.310041862
0.960375507
0.552112266
0.817657898
0.205907159
0.191195624
0.052759
-0.6401429
0.359171048
-0.253289488
-0.04571012
-0.009728467
0.600606825
0.180631439
-0.106569014
-0.058487782
-0.548869961
0.003440195
-0.018714189
0.347011162
0.257663078
0.879940714
0.75333975
0.311977162
0.151262046
-0.091179587
0.962121665
0.395982725
0.215286589
0.509300033
0.035541523
-0.44077113
-1.248982622
0.872533439
-0.070123441
0.312996989
-0.548572412
0.401001766
-0.128856108
0.10608851
1.15345434
0.79978694
0.273200652
0.218660571
-0.543437884
-1.016718132
-0.251613793
-0.146453225
0.414637329
-0.501017877
-0.08412378
-0.028261477
0.573793162
0.630593291
0.277964104
-0.507402993
0.009181424
-0.338177377
3.117178051
-0.970743558
0.063933967
0.091137256
1.312204526
0.069831876
0.86772564
0.271422911
0.341479621
0.285997441
-0.661068791
0.356770648
0.144727548
-0.143537939
-1.111461635
0.014599207
0.048417939
-0.330173018
-0.271118826
0.048882236
-0.055834891
-0.682644672
0.193244249
-0.08728082
-0.458441519
0.308937847
0.230982939
-0.202420987
0.893594262
0.31009573
0.727474327
0.319620451
0.062727403
-0.210402561
-0.113935174
0.142718512
0.122059196
0.356235114
-0.751949946
0.220276523
0.321866848
0.442012456
0.071181617
0.247101983
-0.885029636
0.183624498
2.859878241
0.316654543
-0.37546695
-0.533520941
0.150201018
-0.490404944
-0.503159377
0.18546723
-0.129453351
-0.646915647
-0.313932175
-0.476827145
-0.382335146
-0.117271162
-0.193916346
-0.249686688
-0.865583638
-0.102969842
-0.484845358
-0.299927968
-0.183810821
-0.637949469
-0.712671359
-0.941377714
-0.679982375
-0.421093295
-0.455762441
-0.995671837
-0.385957676
-0.535109297
-0.338938249
-0.587599481
-0.560122891
-0.104756094
0.009979531
-0.554976807
-0.515052501
-0.617566667
-0.577898427
-0.243545163
-0.764827061
-0.321603206
-0.769390767
0.054797786
0.320210363
-0.037582395
0.123553
0.04064901
-0.124700631
0.194371631
0.149289186
0.5983899
-0.021459201
0.595673281
0.832409065
-0.376744623
-0.162444069
0.378538642
0.122625805
0.482153156
0.473882055
0.224751419
-0.028778276
-0.67349811
0.856136533
0.195966866
-0.553812212
-0.21781552
-0.37095163
0.109278224
-0.445143758
-0.335816049
0.105486497
0.648965294
0.426983774
-0.272664697
-0.502304037
0.28666517
0.59542668
0.385678369
-0.211912638
0.339808352
0.108512247
0.101842246
0.115891494
0.010914454
-0.016359313
-0.498483214
-0.133706653
-0.916285925
-0.690347213
2.015519736
0.395274952
1.112822055
0.339648873
0.788544541
0.125000037
2.464891377
-0.061653562
0.705455619
1.700415664
-0.796186524
4.307828539
0.533611257
2.573516205
1.188422323
0.180475987
0.725305651
0.803070903
0.739429763
0.106942239
0.628312958
0.176617482
0.009413352
-0.20025272
-0.247799628
0.142573239
0.697327684
-0.126483568
0.295083152
0.20000791
-0.23035789
0.69617368
-0.372353852
0.448812204
0.674738263
0.58067165
1.457223241
0.19382739
0.267002324
-0.668597194
0.279997998
0.237441268
-0.134926187
-0.097422597
-0.265706384
-0.057156511
0.773392083
0.172976478
-0.575506709
-0.410931498
-0.186869913
-0.014873953
0.158934379
0.31342863
-0.113662922
-0.209586306
0.374252184
0.070511934
0.114722363
-0.453408569
-0.37422123
0.012574687
-0.257581908
0.88194383
-0.43777039
0.591840013
1.502074507
2.433765397
-0.306875562
0.49908575
0.42785538
0.371727797
-0.046557758
0.036892739
-0.599028313
-0.092091669
-0.467325768
-0.262383316
-0.440087352
-0.177627183
-0.179205954
-0.18526034
0.253699475
3.584521138
-0.138374338
0.943693397
1.036377139
-0.712027725
-1.242981895
0.405317233
0.705591171
-0.933075358
-0.821388064
-1.470382647
0.292437499
-0.591926005
0.495992456
0.397497052
-0.203873374
-0.703580136
0.556842775
0.22065998
-0.037478531
-0.123868215
0.489405735
0.245273574
0.042860123
0.339792011
-0.082397003
0.441488945
0.051988553
-0.456124541
0.191317332
-0.121775137
0.099059045
-0.247796826
-0.366336304
-0.126345544
1.230461484
0.242630045
0.147770656
0.08483108
-0.724794653
0.788680782
0.478470337
0.826985572
-0.514580076
-0.047819885
0.915709078
0.296082495
0.132456548
0.114878957
-0.252425379
-0.111306978
1.076716628
-0.271732715
-0.274355967
-0.198843963
0.735980014
-0.368002775
0.456627324
0.192417916
0.546731819
0.185681759
-0.445289706
-0.447812314
-0.273658006
-0.362418806
-2.289480215
-0.907890755
-0.056742768
-0.577462491
0.767192708
1.182929444
0.599538539
0.004661646
-0.186908272
1.143805191
2.541085659
0.404373085
-0.289373405
-0.116634761
0.753300781
0.009866862
-0.402595744
-0.760809071
0.016700754
-0.133760038
-0.561222053
-0.414180296
0.212269359
-0.350803912
-0.208821942
-0.761913528
4.392136977
1.350844953
-0.166491178
-0.21886464
-0.168599589
-0.539035579
-0.068841413
0.139342983
-1.22634607
-0.383478923
-0.272008389
-0.715896187
-0.073665569
0.159510314
-0.160534909
-0.195714512
-1.204585613
2.071392433
0.004246071
0.858107409
0.416525439
0.520899865
1.089622352
0.749680286
-0.043203287
-0.340448749
-0.36051984
0.094748151
-0.308342502
0.92852457
0.255296033
0.537223829
-0.750523215
-0.325056786
0.581399154
0.078481908
0.110967303
-0.349499373
0.032353546
0.645644915
-0.428356322
0.358576559
-0.487096593
0.338510765
0.324166733
-0.47443215
0.06475879
0.218622018
0.353913896
0.342591683
-0.102694304
-0.980131251
0.708680383
0.199276782
-0.51715325
0.377148615
-0.537802047
0.357264384
-0.735490665
-0.168096718
-0.972535472
-0.120830409
-0.476463064
0.900806525
-0.100107306
-0.40749447
-0.259517698
-0.636043831
2.283177836
1.110027147
0.221757863
-0.0392106
0.574160391
-1.082803601
0.547611336
0.074154525
-0.577905149
-0.013569053
0.529973327
0.300391895
0.267244157
0.091254812
-0.343237567
-0.044771028
0.458715035
-0.064837628
1.28144262
-0.618143087
-0.265891171
0.228976836
0.535892379
0.924976105
-0.226790503
0.335989227
0.913619475
-0.241600992
-0.376593062
-0.051934068
0.715846545
-0.202820184
0.44376776
0.090018423
-0.304558765
-0.093623921
0.395857491
-0.168599063
0.424415769
0.854166071
1.042396767
0.157962804
0.397830705
-0.266803055
0.078236382
0.180513448
-0.365349992
0.478772667
0.398735732
0.385468975
0.452120571
-1.2243758
-0.307760357
-0.501536168
0.148858599
-0.004205188
-0.088869034
0.209939975
-0.004722763
-0.046473694
0.309410663
0.068942217
1.273758206
-0.021964617
0.12045958
0.488215869
-0.566818627
-0.559609399
0.130541168
-0.320537449
0.445335676
0.910457613
-0.006426852
-0.451004652
0.120629307
-0.149021409
0.428313326
-0.102997794
0.206236177
0.394112125
0.46903258
-0.362141947
-0.101563232
0.089323045
-0.317742077
-0.313845084
-0.739084837
0.211146443
-0.088269552
-0.511626231
1.199047805
0.790140722
-0.127898462
-0.607673345
0.335523891
-0.484415539
1.025797473
0.563582895
-0.335876274
-0.706897849
-0.289884579
0.69155236
-1.086870628
0.357186018
-0.543594888
0.577883217
0.174870768
0.304986624
-0.714511132
0.255957668
-0.082095481
1.252201229
0.012336502
0.047995913
1.179984049
-0.228930409
1.096722458
-0.901378141
-0.383604861
0.324013663
-0.08066022
0.097922873
-0.090080275
0.032823582
-0.76144979
-0.037548135
-0.221566722
0.836557785
-0.337375778
-0.323213743
0.169183693
-0.223629838
-0.626040028
0.835184043
2.863996878
0.256909383
0.322337274
0.624151262
-0.176753548
-0.17376247
-0.153001072
-0.387377442
0.5526724
0.128578895
0.819467016
-0.824379566
0.674974991
0.245923288
1.503972079
0.360083679
-0.752291863
0.057992655
0.108829044
-0.273891634
-0.74072773
0.038403101
0.832042438
0.620572546
0.498147799
0.992670775
0.010902596
0.991202944
-0.682352533
0.624730559
-0.613089126
-0.12822605
0.024479175
-0.375586727
-0.491538383
-0.23639014
0.030624753
-0.283293762
0.167596805
-0.179933766
-1.09946853
-0.40629966
0.920266883
-0.244840722
0.547923555
-0.192911427
0.926319461
-1.377858559
1.368487771
0.386355684
0.55380692
-0.511082027
0.487918205
0.168306782
0.012266093
0.062298315
0.358906742
0.394691989
-0.293060285
-0.656973934
-0.014604796
-0.965338617
-0.145624758
-0.10359601
0.216783875
-0.068792086
0.240983414
-0.171771747
2.053571111
1.108406313
1.657809658
0.039875294
-0.077959467
0.329457043
0.395656002
0.67614989
0.436719446
-0.560741861
0.037501549
-0.473007802
-0.168256714
-0.152774307
0.020450561
-0.852617697
-0.259651216
1.740103863
-0.714337254
-0.514284977
-0.149040458
-0.010484197
-0.512795094
-0.256195731
0.702842333
0.418060515
1.198395326
0.524848803
0.475504115
-1.407328438
-0.034316849
0.370256803
0.370289115
1.103260726
-0.197613783
0.269121216
-0.734067286
0.146953379
0.869461236
0.483254141
0.830365314
0.204344209
0.014993474
-0.972089938
-0.363264151
-0.164220434
0.296872041
-0.491264225
-0.080120705
1.148897992
0.105340091
-0.360005778
0.139796393
-0.340741137
0.746173508
0.91613297
-0.29868235
0.301704633
-0.951424012
-0.130755323
-0.290663701
0.099623364
-0.652211752
0.605890205
-0.246041547
-0.415281709
0.517448507
0.229920061
-0.190129979
-0.307955425
0.90126393
0.412398846
0.802703213
-0.167360555
0.73838828
0.502536286
-0.268011763
-0.062056806
0.032007473
0.504053537
0.252583135
0.115335444
0.396167762
0.116154935
0.365221345
-0.607449373
0.611213579
-0.304151219
0.8178273
-0.386286657
0.509795341
0.284668209
-0.274838219
0.758665406
-0.834829409
0.103331397
0.401617595
0.039294482
1.233238701
0.171845556
-0.225383865
0.774042124
1.797191593
-0.513329094
0.650569753
-0.357846661
-0.193912455
0.117841675
-0.326826283
0.499719902
-0.124432925
0.157130595
-0.420994501
0.380456987
-0.120672717
-1.591401979
0.22548521
-0.336559386
0.134284883
-0.337691767
0.090650088
0.383808908
0.825228067
0.068994306
-0.592635858
-0.373206764
0.042167349
0.719318469
-0.318035606
0.840687602
0.966314407
0.037521368
-0.129279628
-0.750849656
-0.419811738
-0.845613542
-0.478362205
-0.343340419
0.383600412
0.807514551
-0.135423489
-0.067404373
0.128045884
-0.363199111
0.250630791
-0.273744354
0.394932161
0.158994177
0.385894091
-0.712239692
0.372414235
-0.757529808
-1.136354649
0.488641587
1.75005442
0.190972468
0.165964335
0.642079835
-0.563211142
-0.199672882
0.079364126
0.419688979
0.705108876
0.770629557
-0.67138842
-1.063194379
-0.600634218
0.240240897
0.201299181
-0.643290553
1.52460972
0.932535198
-0.665026119
-0.373652179
-0.322467423
-0.106157612
-0.28912312
0.257478603
-0.523033555
0.505913088
0.18625287
-0.22628729
-0.399520355
0.103903267
-0.31236446
0.553052062
0.399968236
0.550671739
0.028029658
0.762946343
0.779652756
-0.275886586
-0.217495888
-0.280071488
-1.20975776
-0.481022078
0.013316484
-0.009142413
0.883988515
0.513620995
0.29101146
-0.380233606
-0.168915044
-0.414892903
0.055181102
0.18795972
-0.679724677
0.162969534
0.239452068
-0.002399218
0.838930137
0.509312706
-0.0481879
-0.746139023
-0.041555099
-0.123355985
0.135926268
0.035241732
0.208661703
-0.935488144
0.165123256
0.151747278
0.507400217
-0.378957282
0.277561483
0.705297945
0.478416074
0.15549883
-0.660964634
0.411352775
-0.327206724
1.026857167
-0.554046439
0.884836488
0.719316311
-0.528020675
0.560807917
0.736119098
0.285152396
0.69434518
-0.208898058
0.232759513
0.073480593
-0.665553014
0.171574796
-0.747399612
-0.278578132
0.157631519
-1.321207853
0.291083621
-0.566842913
0.076345626
-0.349305056
0.162765985
-0.701802271
-0.028849637
-0.10506846
-1.232234884
0.11081789
0.623070053
0.923009429
0.858028192
-0.303586102
0.682465311
-0.076854691
-0.164252768
0.183606852
0.001137551
-0.824807013
-2.11615117
0.518830432
-0.048180572
-0.968043652
0.249289457
0.283397852
-0.111115863
-0.361150575
0.852727414
0.383595825
-0.178871389
1.332996307
0.719384872
-0.095205252
-0.131295155
-0.136793757
0.075848164
0.59953244
-0.260860018
-0.157332452
0.660561695
0.418003193
-0.127167162
-0.058353563
0.172844858
0.957625166
0.061634839
0.080999784
2.374832568
0.418780253
-2.140255806
0.302810209
-0.625895407
0.607493286
-0.170411778
0.829653593
-0.735223934
0.450255636
-0.336155073
-0.206941515
0.345196419
-0.193731325
-0.13132483
0.26932578
0.067304392
0.629188606
-0.230847277
0.041137088
-0.27987816
0.092402016
-0.13708062
0.555053603
-0.661723105
0.241114719
-0.169256427
0.390430191
0.751339899
0.234275346
0.160524093
-0.027441037
-0.296060164
-0.424458675
0.510804916
0.171101954
0.502584383
-0.246242035
0.361326263
0.122066891
-0.24137769
0.32952797
0.19433725
-0.999537455
-0.103226194
-0.30621408
0.27736648
0.582238426
-0.497708167
0.767080497
-0.075603756
0.530932539
-0.763580675
0.505990938
0.285327127
1.262676649
0.463547608
-0.299013486
-0.125540845
-0.9138969
-0.061918516
0.013898998
0.10283124
0.216059671
0.494571667
-0.546387988
0.863151998
0.847429831
-0.522491003
0.554947135
0.043884917
1.687925422
0.415313584
-0.256038405
0.246635267
-0.658985833
-0.66177096
-0.396932526
1.144996647
0.493658298
0.121610493
0.430554347
1.495152699
-0.276640362
-0.288770171
-0.607669447
-0.189832959
-0.617089664
0.811764733
0.309719709
-1.412030861
0.08865719
0.099245789
-0.251873823
0.234289324
1.086320225
-0.266691317
0.44786004
0.663515106
0.297866216
-0.09595437
0.216102665
1.009349511
-0.250703242
0.166010566
-0.481254811
-0.726111576
0.03792262
-0.338529014
-0.11864621
0.120291154
-0.114884788
-0.177369102
-0.013947434
-0.296052397
0.827096996
0.526129396
-0.842257305
0.036630606
0.538941192
0.712643934
-0.791744311
-1.299342938
0.578122246
1.463773217
0.665782343
-0.411434539
0.184328965
-0.127059412
-0.039443112
-0.619731455
-0.570166762
1.310381798
0.52998859
-0.394008912
0.154032708
-0.150506468
-0.492888315
-0.174503183
-0.565639404
0.65567132
0.835279624
-0.225745816
0.894907224
0.843950103
0.548959113
0.530539565
-0.653227244
0.446525195
0.295342517
1.132921045
-0.286546967
0.043360291
0.690740084
-1.271239904
0.763668218
-0.339837095
0.632145289
-0.130941089
0.983105818
-0.447382978
-0.078569079
0.17052814
-0.266369268
0.853715411
0.207274351
-0.531725977
-0.494387104
0.46492059
0.395143118
-1.0367911
-1.023643085
-0.251003973
0.386873887
0.146750972
-0.270994779
0.054738539
-0.02589175
-0.047930792
0.137669303
0.484164616
-0.51643371
-0.283776874
0.392866855
-0.903108361
0.218267809
0.014470844
-0.284496742
0.242678979
-0.074054992
-0.924642221
0.759570152
-0.340736819
-0.973271896
-0.698823874
0.477406599
-0.360039699
-0.174681877
0.072938711
-2.297350613
0.084134364
-0.848718042
-1.178616674
-0.730150546
-0.204320364
0.266888041
-0.063756744
0.29134708
-0.227126377
-0.743750864
0.145606639
0.757284294
-0.067557845
-0.706339935
-0.045192859
0.292596299
0.687280516
-0.348026248
0.584205165
-0.12924625
-0.424523579
0.378963168
-0.114115084
-0.101921312
0.835157251
-0.483588474
-0.822091273
0.223534036
0.40487196
0.080660072
0.033388378
-0.180900193
-0.335236975
-0.596099709
0.845463133
-0.283626309
-1.032726495
0.032547998
-0.159010095
-0.066682436
0.205023225
0.001606745
0.34070761
1.033756658
0.696272644
-0.402039451
0.586351655
-0.830349333
-0.198848238
-0.664523582
-0.266958302
1.269834106
0.169427899
0.106124548
-0.020203101
-0.147365748
-0.432101162
0.512248996
0.342876696
0.779932697
-0.12640529
0.258935308
-0.251168803
0.342451379
0.315976396
0.211957935
0.396448829
0.558265535
-0.287358404
-0.080533581
0.110885524
0.238474506
0.375838598
-0.965097435
-0.220047615
-0.777782283
-0.442590974
-0.138830701
-0.146422418
0.093556893
0.166655481
0.955516378
0.122553134
0.042196805
-0.103404857
0.141429535
0.225770586
0.622544603
0.364819089
0.189796034
0.327573076
0.001548716
0.331455298
0.171636623
-0.345338426
0.446295693
-0.14344031
-1.24716927
-0.386835414
-0.491605981
0.36764523
0.099666448
-0.104519746
0.165781754
0.46724733
0.360247212
-0.054419188
0.187093004
0.092756312
-1.50464822
0.128112169
0.232675025
-0.330899128
0.073654261
0.13948646
0.828466837
-0.424031427
-0.006662113
0.317861274
-0.118892786
-0.086363119
-0.106941538
0.303498079
0.345976807
-0.008772335
0.348788603
-0.66612096
0.498980339
-0.605992509
0.509036923
-0.533191857
0.088047145
0.207221846
-1.725137336
-0.344431877
0.243698591
-0.554947014
0.011524105
0.048171423
-0.421819204
-1.24674326
-0.329064351
-1.280056436
0.533329829
-0.321662883
0.589660628
-0.74304812
-0.78627204
-0.621963034
0.331283707
0.527475642
1.478269659
0.067158789
-0.297096631
-0.762799294
-0.581484225
-0.932266258
0.417960594
0.537824622
0.069293707
0.119979503
0.266910503
0.243505352
0.242648579
0.009261202
0.23375996
0.152159952
0.638104064
0.15224617
-0.02437779
0.035305023
0.037775417
0.368840795
0.170773163
-0.077114029
0.149061578
0.060103173
0.187893137
0.131229708
0.024928216
-0.453790284
0.143261458
0.315423662
-0.203766182
0.461029643
0.331676152
0.028681103
0.09154823
-0.012085282
0.521085076
0.903767068
0.733619623
0.454682016
0.319814178
0.346903399
0.329502702
0.084681981
0.756526138
1.955776323
-0.181637208
0.030097619
-0.161866192
-0.121551479
-0.012287734
0.230148531
-0.80589134
1.087425377
-2.213806914
-0.929806154
-0.922986964
-0.333264023
-0.461767467
-0.867207041
-0.679277446
-0.401903492
-0.502299037
-0.116381775
-1.042716143
-1.033885907
-1.348801888
-0.430491612
-0.010068317
-0.831476269
-1.156152513
-0.8943204
-1.229643754
-0.887826817
-1.880533667
-1.48092471
-0.305388137
0.241135065
0.840321486
0.019308689
0.111676861
0.020200778
0.187073937
0.394765608
-0.737355789
-0.291036419
-0.422215944
0.040749651
-0.357697853
-0.436808182
0.166264096
0.311747959
-0.989303495
-0.463722404
0.069261877
0.337041126
-0.017268644
-0.433571093
0.051005663
0.094529747
0.270932324
-0.412792093
0.140659599
0.324234703
-0.565840896
-0.119120378
-0.368863982
-0.078615915
0.308325858
0.068113203
-0.073338049
-1.520955083
-0.981749036
-1.470000753
-1.7951913
-2.331524514
-1.011992273
-1.35261782
0.36495041
0.350422204
0.304893343
0.148739116
0.118762294
-0.252752996
-0.175628284
-0.657924071
0.001265901
0.734395979
-0.111189183
0.02918164
0.12612507
-0.447731017
0.285185405
0.144482019
-0.396144604
-0.502539125
-0.321875357
-0.074274002
-0.165150401
0.049700304
-0.255202151
-0.041982679
-0.267493889
-0.005617889
-0.195427753
0.105195369
-0.480187614
0.3527841
-0.065143679
-0.732175036
-0.030893395
-0.110731029
0.009263377
0.53193075
0.235546165
-0.118843329
0.276403027
-0.395791759
-0.655130501
-0.563639123
0.227105699
-0.209822826
0.342105107
-0.179688328
0.003537814
-0.678121613
0.183956995
-0.103581929
-0.057039159
-0.149750645
0.040804454
0.119552828
-0.577178662
0.51946603
1.054796645
0.849892808
0.952211902
-0.209722932
-0.133600297
-0.389383476
0.030870677
0.504254807
0.335648406
0.021184146
-0.484885956
-0.196375554
0.379134384
-1.424527439
-0.458907318
-0.151461271
-0.170550108
-0.157877469
0.202279942
-0.143997872
-0.694461673
-0.292321723
1.562544709
-0.065509659
-0.217769831
-0.438426333
0.377202916
-1.700297155
0.368164721
-0.503801958
0.341106867
0.062920923
-0.290273052
-0.23282216
-0.640438909
-0.086264784
-0.049556442
0.116933169
0.170855265
-0.249887109
-0.915998678
-0.293597127
-0.637676636
-0.111733495
0.253819238
-0.028392573
0.205996157
-0.49884535
1.174040456
0.095145344
0.7378968
-0.55689328
0.501490627
0.12024168
0.227200295
0.251017855
-0.216634358
0.256711037
-0.746969678
0.510563328
0.748081768
-0.396657185
0.51111157
-0.067160911
0.459811495
-0.431448365
0.066752986
-0.061342549
0.414560806
0.235711285
0.167553491
-0.296323972
-0.053242095
0.575479352
0.498004366
0.26956763
0.419188185
0.375296192
0.525128634
0.715525522
0.247353194
0.51502318
-0.129980672
0.216388667
0.408647245
-0.006490283
0.039026682
-0.028935616
1.628358634
1.412697619
-0.756777441
-0.153456671
1.41676649
-0.087260527
1.167690212
-0.020125783
0.29887084
0.200756778
1.591440742
-0.120299063
0.591569033
0.195082859
0.157895468
0.2602447
0.189633691
-0.40901562
-1.248510433
0.814399134
0.157764615
-0.158807369
-0.386869215
-0.904160489
-0.174226096
-0.650985254
0.582455713
-0.843688858
-0.783145491
-0.308499816
-0.334858306
0.456052471
-0.19720701
0.015036282
0.217741278
0.162270614
-0.337501634
-0.16192641
-0.916599597
-0.158742716
-0.422842199
-0.334291393
0.263350835
0.081363381
-0.879533039
-0.671211355
-0.671049184
-0.19847108
0.094829135
-0.797926233
0.021382929
0.072036946
-0.004192619
-0.430229878
0.060479341
0.190813735
-0.387568405
0.613738753
0.974184296
0.215268074
0.206169918
0.018537862
0.134600476
0.217944196
0.352928613
0.330288281
0.114473541
0.062116836
-0.325678884
-0.394894236
-0.528291912
0.459347614
0.483311976
0.335531999
0.648494508
0.134196164
-0.041526739
0.542388985
0.564889109
1.496273561
-0.123446903
1.578965147
0.029856794
0.44785312
0.397170683
0.312399911
0.165897694
-0.094330665
0.118299358
-0.100178988
-0.293345449
-0.472649589
0.02303549
-0.088958422
-0.376711304
-0.159867059
-0.365727302
0.164143152
-0.133171957
0.557318282
-0.297923105
-0.859679715
-0.130048397
0.028621579
-0.053304686
-0.18780827
0.303968797
0.27372791
0.139679652
-0.137170746
-0.180945818
0.326341831
0.346001736
0.038944862
0.359715704
0.493135551
0.117129065
0.648638601
0.099435801
0.734359037
0.146568818
0.267445718
0.171269809
-0.061743398
-0.0682175
0.496396103
0.25606197
0.252408306
0.168129127
0.161461733
0.292643113
-0.452092736
0.304732058
-0.294895546
0.552900152
-0.301663479
-0.042914072
-0.017796005
0.014582997
0.207136186
0.39312809
0.531543709
0.282551238
-0.378993792
-0.224632942
-0.089076225
-0.189455151
-0.482798278
0.620310977
0.676313073
0.301045426
-0.089834866
-0.069549902
0.387321698
0.269064545
0.656100051
1.000813512
-0.326431109
0.261816448
-0.270276994
0.687742484
0.390492443
-0.172281488
-0.276318946
0.833397968
0.575195052
-0.066829807
-0.390160656
-0.175807811
0.392205037
0.713163448
-1.149101537
-0.08423846
-0.543147916
0.284372064
0.213407018
-0.103644944
0.20944368
-0.747118675
0.133848574
0.047776407
0.236109644
-0.196440057
-0.400791777
0.133126244
0.05533787
-0.213524954
-0.341942742
0.952912585
0.624099606
-0.018074765
-0.232750683
-1.457037965
-0.055072849
-0.043533639
-0.115412879
-0.013212891
0.675021303
-0.603061248
0.411659855
0.559447412
0.252826126
0.372791068
0.324343235
0.886404653
0.074919437
0.383103274
-0.838318154
-0.140946051
3.287233187
-0.620229431
0.659553031
0.155105083
-0.105341957
-0.674767528
0.140579655
0.048325059
0.012100989
0.445246525
0.775089272
-0.156142377
0.132468513
0.037979736
-0.232163577
-0.07980625
-1.661835791
-0.832597833
0.310346261
0.622812659
-0.245167341
0.166081874
0.098064716
-0.128762714
0.413439025
-0.122242209
0.578136244
0.426652174
0.043393947
0.38682614
-0.485316754
0.021425913
-0.603757886
0.317301169
0.42737351
-0.127499175
0.162475926
0.079055027
-0.378579304
0.203304876
-0.394548973
0.534958021
-0.130462992
-0.761678589
0.317366633
-0.269097965
0.643629103
0.481051775
0.200591998
0.133921145
0.312056344
-0.251278104
0.064286976
0.112705118
-0.038975149
-1.049021879
-0.163363056
0.82299511
-0.077463988
0.463696047
-0.103676794
0.216452955
1.717134124
0.230356397
-0.185754897
0.393428015
-0.457648858
0.565362134
0.499434905
0.443694258
0.262183183
0.104101229
1.438204152
0.265841753
-0.14583302
0.311602316
1.271670186
0.1632148
1.366207631
0.822318792
-0.595231774
0.719485877
0.443238158
-0.180200948
-0.334251051
0.705720986
-0.070007319
-0.0283396
-0.339993741
0.186803761
0.415248613
0.577513742
1.281207262
0.33263334
0.064696511
0.087618572
0.502249006
0.232007869
-0.35706451
0.10731158
0.047582464
0.188372879
1.011711902
0.839825868
0.11549509
-0.55193859
0.046206495
-0.366884822
0.16717931
0.049489749
-0.287304511
-0.138124682
-0.061965044
-0.108727986
0.033566125
0.325656363
-0.058748822
1.138951636
0.204918987
-0.421119295
-0.095186105
-0.012118204
-0.364384988
2.147917667
-1.066474103
0.017777554
0.810767963
0.18337391
0.054058057
0.110835411
0.184252314
0.124078864
-0.1496723
-0.160098727
-0.118783198
0.445265598
-0.052572026
-0.35144098
0.239567836
0.325869831
0.268553143
0.029436497
-0.364670713
0.15945665
0.169143205
1.549832004
0.029304069
0.163944898
0.225575282
-0.154108966
0.17408214
-0.051089632
-0.728977472
0.564851362
0.318420435
0.267997062
-0.417078012
-0.060424244
0.19373379
-0.925226658
-0.439322935
1.664148039
0.140058216
-0.388221867
0.208669246
-0.486733574
0.008201287
0.047994029
-0.130773316
-0.498547621
0.192240852
-0.386582625
0.096395762
-0.086614484
0.455353177
-0.093507987
-0.269369045
-0.606639569
1.032504908
-0.273958652
0.430866179
-0.177592901
0.393823184
0.160491798
-0.213362867
0.244694838
0.314908348
-0.389495104
-0.675261611
-0.993359722
0.762211915
0.393381025
0.109498721
0.031834631
0.1045149
0.507523527
-0.953683269
0.175062244
0.401181133
0.129998647
0.139215403
0.373105832
0.099214672
0.23852006
0.286059068
-0.394152955
-0.075446587
0.067239075
0.01350148
1.238294786
0.644248179
1.503997876
-0.035123626
0.537626763
0.050886579
0.356720843
0.166432697
0.242590026
-0.781771865
-0.770931502
0.710499651
0.809923859
0.297002921
1.732052438
0.08881606
-0.251940308
1.356253217
0.730445313
-0.565483982
0.178692122
0.063604934
-0.265021037
-0.155928609
-1.094465557
-0.240252725
-0.493175178
0.106782347
-0.795616546
0.6227854
0.290449332
0.126694076
0.456308201
-0.063055758
-1.518205686
-0.270704234
-0.345339561
-0.05281601
0.216387878
0.535255666
0.195648788
-0.458895889
-0.022644283
-0.458724163
-0.005197286
0.357651391
0.772528861
0.128507312
0.405453096
0.619664633
0.203647229
-0.17975106
0.09083581
0.08334374
-0.450122701
-0.173130681
-0.69279597
-0.501715968
-0.814016594
-0.565481891
-0.154324278
0.416288646
0.883295639
-0.56611339
-0.138547794
0.903879402
0.084700357
0.172004137
-0.016070966
-0.29588329
0.174495847
-1.093523065
-0.842063327
0.804064708
-0.049368996
0.347529053
0.355763356
0.110123832
-0.138654839
0.222413082
0.066278391
-0.042204521
-0.14727206
0.526850826
0.107401184
0.289580532
0.119206018
-0.02216585
-0.063663148
-0.238038923
-0.519628231
-0.175847107
4.278880375
0.830345628
0.170963791
-0.818349784
-0.217008846
-0.026355291
-0.031864858
-0.149099115
-0.580505346
0.138587852
-0.284857443
-1.011461603
-0.203961043
-0.024707197
-0.485725964
0.223528379
0.444982971
0.210235568
0.923683605
-0.133493817
-0.463798005
0.307205124
0.063460133
0.763966918
-0.413062052
-0.139335335
0.256039643
-0.100495542
-0.392818612
-0.215721188
0.635659259
0.115494796
0.044734972
0.110806805
0.297031782
0.46761977
0.178909258
-0.178476758
0.531870831
0.526071812
-0.637519758
1.081159718
-0.639969618
0.200828276
0.271104761
0.712847872
1.328092768
0.114990376
-0.023311194
-0.177351878
0.251742686
0.072342796
0.431279858
0.839776254
0.223012719
-0.15349079
0.242233105
-0.237620321
0.840452054
-0.174699784
-0.222419399
-0.216174471
-0.325291661
1.421075403
1.230524226
0.618554673
0.482250075
0.23899964
0.319920104
0.578798604
0.294591761
0.217686876
0.729286033
1.250526496
0.629749566
0.088707994
-0.151563966
-0.811368555
0.319661381
0.340595965
0.266899596
-0.565120739
-0.373693461
-0.498897017
0.100228473
-0.075679118
-0.780432535
-0.567192835
-0.022362015
-0.018017654
0.553712374
2.480848819
-0.210064014
0.131349337
-0.626428634
-1.664615503
0.373184468
-0.292547695
0.026827816
-0.779284513
0.257129257
-0.203100785
0.727787319
0.85065238
-0.342477196
0.061141711
-0.409555743
0.474565322
0.280349159
-0.095018485
0.206955208
0.523349724
0.434161713
-0.122277217
-0.328722556
0.347820948
-0.069232938
-0.651285041
0.114288372
-0.442543968
-0.46017958
0.017441504
-0.078096444
0.144840476
-0.623476847
0.554634683
0.170201361
0.001004883
0.420223367
0.057193465
1.738148516
-0.229424858
-0.102359218
-0.275754699
-0.751469507
0.224176497
-0.21538963
-0.047584728
0.297980274
0.73734865
0.20185181
0.262835435
-0.230321031
0.047253901
-0.425762067
0.623009359
0.525324805
0.010894009
0.283364196
0.400635187
-0.520180629
-1.037591454
-0.405445254
-1.571743523
0.170974936
-0.137041229
0.502766437
0.526186112
0.035427411
0.59309682
-0.071806279
0.163801783
-0.099105243
-0.289843828
-0.877441442
-0.989309917
0.326526359
-0.379533401
0.539739463
0.92104687
0.081546389
0.485312981
-0.165090821
0.531546218
0.017023569
0.432709274
0.947787115
-0.041040507
-0.926293681
-1.021140543
-0.289084399
-0.638568608
-0.314859026
1.352547835
0.092618348
0.277688017
-0.186790643
-0.298344959
0.262895689
1.615735715
0.022274682
0.138848825
-0.460084541
-0.118239425
-0.249734509
0.008518002
-0.014465932
0.253371248
2.12567193
0.100817494
-0.28404354
0.155606947
-0.010147359
-0.191905651
-0.371994964
-0.235428427
-0.515520523
0.252344708
0.174509516
0.144965354
0.339069104
1.046964759
0.464365186
-0.733131309
0.039636886
-0.287607838
0.148953261
-0.663425463
-0.382634706
0.062201773
-0.071531204
-0.027825769
-0.13069423
-0.490812899
-0.476698104
-0.298162666
0.042769298
0.048967212
-0.309303909
0.65851931
1.17367454
0.867947953
-0.329851424
0.017306234
0.266907741
0.223213442
0.140298316
-0.066809074
-2.076915618
-0.197462635
-0.243744273
-0.035934426
-0.533235667
-0.008220162
-0.160860338
0.099918735
-0.117171218
-0.395942098
0.267987569
-0.274855409
-0.592137214
-0.433737761
2.235695608
-0.093054846
0.40837202
0.172512428
0.059873412
0.445816227
0.997429605
-0.461572753
0.318793356
-0.355433621
-0.527445139
0.615403792
0.056517115
-0.284035568
-0.629368747
-0.256900886
0.011935297
0.41164015
-0.200813654
0.56422521
0.335386077
0.991677056
0.399946444
0.831069747
0.481375709
0.194341527
-0.210035387
0.762461824
-1.106227819
0.220412858
0.842387037
-0.421838589
-0.636239854
0.101629364
0.078878527
0.852031593
-0.022088981
-0.876951249
-0.028502151
0.30723304
-0.039626775
0.135744454
-0.897654725
-0.679408712
-0.103499995
-0.24346062
-0.127223635
-0.626013325
0.460966858
-0.096877782
-0.003921779
-0.888933321
-0.023997177
0.206394078
-0.071533177
0.206233434
0.103894448
-0.023879854
0.182562316
-0.041448985
-0.207366539
-0.19098768
0.15643991
0.017198428
0.671273332
0.687532344
-1.122736219
0.256017399
0.13364895
1.389469292
0.194966205
1.363432345
0.268320346
0.714275456
-0.249468981
0.011348384
0.429640558
0.139859513
0.324865044
-0.082344298
0.021561138
-0.164848667
-0.290719435
0.400511774
1.261625343
0.627319807
0.053450482
-0.134854137
-0.136630668
-0.171511225
0.147041031
-0.269327159
-0.713195573
-0.494966816
0.119834094
0.425480294
0.699301335
1.317153906
0.29112789
-0.235053054
0.994790989
-0.349833646
0.050296336
0.530703346
-0.619468061
-0.115525951
-0.297118877
0.533879865
-0.126773325
-0.336319
-0.170083003
-0.37872405
0.156398783
-0.54541445
0.403416961
0.879695084
0.167524138
0.642448513
-0.030417734
-0.119222146
0.169659655
0.594370014
1.012213885
0.324012808
-0.307867286
1.165894973
0.087316337
1.034287849
0.428504485
2.281638142
0.458877606
0.110837955
-0.012251647
0.129466281
-0.274314886
0.452288481
0.222859124
0.077204493
-0.013482363
0.095823284
0.253997036
1.434396373
0.717771792
0.126632927
0.502328833
0.143249233
-0.162521585
0.2911801
0.284160191
0.010991392
-0.122956832
-0.184546521
0.389088555
-0.71067236
0.167790063
1.151533483
0.182144396
0.174176206
0.01595517
0.17520451
0.3889027
0.804145647
-0.093027182
1.125610152
0.661568438
1.212060843
1.02142456
0.918121878
-1.168063448
0.293320679
0.103809597
-0.057470235
4.111350321
-0.127921787
-0.208411554
-0.040517694
0.119034412
0.383781448
-0.142293284
0.338544196
-0.257274301
-1.496782765
0.014846071
0.063117272
-0.301957601
0.51883584
-0.229520478
-0.136819737
0.320408775
-0.009940939
0.006840852
-0.179565779
0.731944873
0.17234025
-0.611907539
0.295309587
-0.039438234
1.887333831
-0.381495083
0.857504551
0.121272447
0.696286936
0.068740318
-0.782711735
-0.612990435
-0.399986636
-0.070902987
-0.125362746
-0.081008131
0.678852065
0.491257689
-0.411287124
-0.45565496
-0.02119527
-0.314759133
-0.570635772
0.304322995
-0.646707545
-0.056355384
1.076717945
-0.478542493
0.032284684
-0.275500357
-0.186041187
-0.199938857
-0.366363313
0.162056674
-0.105726419
0.24297921
-0.254245575
0.297388136
0.449386136
1.45486101
-0.816865604
0.072154439
0.206784133
-0.692388102
-1.80928465
-0.151771581
-0.364675804
0.107588094
0.378235676
0.668156897
0.308016812
0.201971391
0.314704266
0.137365066
-0.197914593
-1.247503771
1.379097241
0.704489246
0.242051817
-0.03054712
0.182086073
0.851669427
0.530430755
0.011211926
1.380684098
1.067469308
-0.142876536
-0.459500691
-0.195642255
-0.892933891
-0.056363101
0.930505709
0.102963667
0.141552612
0.054621463
0.07565346
-0.016824307
-0.126515798
0.280515262
0.294770702
-0.422207772
-0.25163436
0.173172493
-0.604802733
1.558637915
0.851794476
0.254392423
0.564493851
0.040133223
-0.349150936
0.058837417
-0.613717031
-0.170604868
-0.279594497
1.035195848
0.076880826
0.706991572
-0.277778597
0.0788054
-0.285826576
0.046239578
-0.184160258
0.088170971
0.551327371
-0.809955591
1.178537816
0.25964999
-0.166236147
0.100227017
-0.704105442
-0.269144496
-0.342260584
-0.488790988
0.360175358
-0.126153817
-0.037126082
0.105658826
-1.761417415
-0.708130046
1.787502479
0.389872617
-0.434069304
-0.698073224
-0.391672618
0.162799975
0.716764562
-0.02730688
0.22581033
-0.210304652
-0.291837721
0.180066267
0.355706891
0.406539436
0.065136847
0.527865488
-0.426934442
0.182963353
0.194950163
1.120591265
0.669680654
0.255633957
0.23909489
0.745413269
-0.42804858
0.205340572
-0.081807988
1.112407754
0.05630724
0.175262923
-0.059059906
0.085658848
0.14718796
2.846606396
-0.17024657
-0.260447214
-0.213315716
0.492175514
-0.873315098
0.191738386
0.850571074
0.129768751
-0.126023493
0.348823415
0.699963198
1.237556896
0.771187288
0.128872704
0.504114784
0.687554056
0.018820153
0.047403902
-0.050400078
-0.358581692
-0.105347381
0.486163904
0.926822317
-0.073371785
0.720305505
-0.287000283
0.226228638
0.280312236
0.105240777
0.281279371
0.085370003
0.106462718
0.376353134
-0.023937333
0.293303347
-1.076295935
0.20928858
-0.363513699
-0.406284997
1.13747477
-0.578089144
0.130887984
0.466511394
0.562325694
-0.125524589
0.146479063
0.34682637
-1.239759848
-0.730363854
-0.416804507
-0.295942543
-0.344216479
0.907074895
0.393169221
0.092444535
0.39390047
0.024628354
0.383982315
0.915176281
-1.057302625
-0.935402836
0.317654858
-0.035551988
0.500989149
0.487095662
-0.368476963
0.911798614
0.90989907
0.375153411
-0.257374154
0.377780685
0.283730154
0.120158884
-0.153557517
0.751823432
0.183707144
2.607222671
-0.345742453
0.393109582
0.195379776
-0.395066777
-0.02042218
0.946647772
-0.794799629
-0.370517315
0.216636961
0.720036582
-0.873055997
1.231943225
-0.857494512
0.230704945
0.294642995
0.468271484
0.415568044
0.320784207
0.585165546
0.530869276
-0.152378369
-0.782015382
0.730472042
0.948019419
0.200525525
1.608289672
-1.49549287
0.006968944
0.077339978
0.595962178
0.393732191
-1.730445931
-0.050699855
-0.826546611
-0.085824452
-1.685136722
1.10353396
-0.289834232
-0.456060104
0.903107233
0.449869698
0.680818598
-0.683162181
0.006445676
0.362938502
-0.239722122
0.336647039
0.113910552
-1.204877234
0.363713902
-0.402561966
-0.053544402
0.085478732
0.649714592
-0.189986757
0.844456092
0.324788223
-0.260435134
-0.106397624
0.367463345
-0.889318901
-0.622339555
0.809629069
-0.5787104
-0.307169671
-0.454659022
0.904098889
-0.18878943
-0.072203219
-0.10349217
0.300023324
0.369576576
0.237936283
0.49594926
-0.529046555
0.779550697
0.623755342
-0.081756688
-0.178293557
-0.549350055
-0.737072102
-0.484836024
-0.186033789
0.402238827
0.278896194
-0.225304851
0.242037323
0.231642507
0.928408496
-0.012189457
0.367730398
-0.07100747
0.807339277
0.128058072
1.165288549
0.502396346
0.912413338
-0.781326705
0.115916192
0.300858303
-0.100935839
0.873061431
0.023067796
0.532720993
2.655237698
1.904650687
-0.2299651
0.184037019
-0.169349594
0.560531851
0.162756126
0.089520804
1.025172394
1.194437653
0.123729127
-0.932287286
-0.225314114
0.496837244
-0.564390877
-1.485325377
-0.936153655
0.28641272
-0.019626684
-1.196999514
0.002202524
0.221125892
-0.066613249
0.130747788
-1.174497358
0.5998684
0.14105197
-0.391599012
-0.910173142
-0.071066944
-0.19664703
0.406704845
-0.105946525
-2.497885982
1.082269975
-0.360133274
0.072186822
-0.117164547
0.004796563
-0.612838445
0.285424919
0.46343844
-0.949556041
1.142446663
0.554158955
-1.32578051
-0.647924039
0.205047744
0.635899162
2.268985482
0.126565985
0.301708964
-0.312244484
0.487225257
0.59979974
0.400458346
-0.203183642
1.175606506
0.207443272
0.780353658
0.16811269
0.120747741
0.121328105
0.423813024
-0.824896211
-0.324371418
0.411784031
-0.325851685
0.499375082
0.303847658
0.138495614
0.632240958
0.16803087
-0.098309467
-0.221632175
0.354304192
-0.010428992
0.058757365
0.518835959
0.124858048
0.52117708
1.694242134
1.158851449
0.16004809
0.490708345
-0.131686186
0.569183779
-1.074609598
0.148002209
0.011539983
0.296563495
0.296373595
0.741369129
0.533140161
0.405750635
0.450184824
-0.090413685
0.739724511
0.862590226
1.114318124
-0.380513932
-0.646817717
-0.35048363
-0.089209883
-0.073921288
-0.100078046
-0.364407256
0.563037539
-0.174131692
0.077111479
-0.339249195
0.230447123
-0.279860364
0.641246315
0.354309451
0.233805227
0.601510304
-0.792781092
-0.102545153
0.031506015
-0.188993177
-0.325588238
-0.131812126
-0.297723803
0.196763399
-0.017131078
0.520755769
0.341879469
0.120882303
0.643570731
0.256611256
-0.196738253
-0.332500206
0.161763369
-0.649239081
-1.14771182
0.018497807
0.331907988
0.136264705
-0.604251994
-0.392018325
0.068453111
0.237677172
-0.358190027
0.145605077
0.343186627
0.270954158
-0.213139518
0.495690845
0.372905949
0.105452526
-0.425652466
0.511997106
-0.197399424
0.830555207
0.563362222
0.292595788
-0.93952877
0.199548035
0.329807729
0.365812595
0.580964168
-0.043720878
-1.229395228
-0.862169049
-0.10553498
0.233368979
0.072769165
0.3930345
0.515124668
-0.141245014
-0.039849501
1.001286503
0.85449413
0.475801651
-0.198304366
-0.238735432
0.296826896
-0.045429819
0.714190362
-0.307004634
-0.720088975
0.095193956
0.308111357
0.415420757
-0.264095194
-0.128227982
0.078254265
-0.58862276
-1.643504196
0.106271378
-0.188145565
0.951567627
-0.094694021
-0.675069651
0.303954803
0.216246009
-0.282320395
-1.185936153
-0.299780814
0.246998684
-0.365207279
-0.17195845
-0.459985138
0.479648051
-0.445105885
0.157453602
-0.617523282
-0.21583895
-0.118133979
-0.017205647
0.786699129
-0.572561485
-0.824558503
0.37648086
-0.066323656
-0.200605648
-0.377547635
-0.982143129
-2.332279409
0.258786023
0.442359354
-0.066985853
-0.119063118
-0.332295945
0.235886569
0.868976927
0.588932829
2.336357764
-0.076040038
0.15485852
2.077020535
0.087779294
-0.940655586
-1.419257765
0.454732338
0.044992359
-0.281027464
0.70943334
0.395097652
0.047841972
0.758456188
-0.126827982
0.356674952
-0.255111984
0.007442512
0.523136589
-0.242467931
-0.651711751
0.007851883
0.525955049
0.186827027
0.431911377
-0.097608812
0.643480175
0.746443592
-0.527040265
0.52499294
-0.045278305
0.040853911
-0.60283306
-0.277216732
0.504552191
-0.064540239
0.353354863
3.533378825
-0.283031582
0.189696219
-0.059791923
0.379930231
0.722279359
0.333015071
-0.850636885
0.531950413
0.165859686
-2.116043791
0.062748821
0.487015668
0.26096799
0.991379682
-0.408062834
0.821907024
1.84426621
0.93017536
-0.388992878
0.355517605
-0.322870679
-0.304077962
0.679545563
0.342692677
-0.029257462
-0.088425183
-0.289593169
-0.048558868
-0.338278497
-0.714347491
0.160042646
0.674585195
1.037909007
0.360224498
-0.009360966
0.684374732
-0.388790023
0.228293942
-0.190429556
-0.18109025
-0.057095519
1.300130194
-0.03119057
-0.42265158
0.497841253
-0.209376542
0.663555089
-0.246702635
0.701737686
0.961299909
0.408698705
-0.118273772
-0.059416702
-0.190681803
-0.280705314
0.154430309
-0.682804506
-0.558502753
-0.06004685
0.988534302
0.016031874
0.046178335
0.473990244
0.273323816
0.352648558
-0.011823259
-0.088803415
0.158059392
-0.087445888
0.24230295
0.267691585
-0.273867913
0.056112961
-0.154076719
0.011701236
0.847788591
-0.387176661
0.193487047
0.018659214
-0.293914045
0.054001309
-0.59345932
0.143457191
0.362940653
0.147990708
-0.359266992
-0.843427787
0.448879019
1.507429196
-1.068715085
-0.250161834
-1.130884954
-0.251958954
-0.522098435
0.808105141
-0.504072672
0.180584936
0.534593933
0.226571741
-0.413326645
0.765062947
-0.206948084
0.843729035
-0.67636414
-0.139542013
-0.183390597
-1.27547501
1.073446052
-0.334713007
0.477896131
0.170818362
-0.175825808
0.544875231
-0.565105741
0.431812948
0.255564205
-0.068003553
-0.244773958
0.164079688
0.910282263
-0.309793493
0.348920055
0.201560131
1.441910841
0.423212227
-0.401002017
0.239228035
-0.14471618
0.74940867
0.171844088
-0.324071118
0.394960651
-0.393409114
-0.161308048
0.021248339
0.093115569
0.146884777
0.239282374
1.189300783
-0.526755387
1.210292703
-0.382475021
-0.144067059
0.98187811
0.097558176
0.079115823
0.949739952
0.000724839
0.000406841
-0.285045843
-0.812075384
-0.389192798
-1.200817789
-1.240797372
-0.207319044
-0.180320563
0.085275556
0.078227815
0.144745118
-0.105187871
-0.573061557
0.753938592
0.63351927
0.286460822
0.510303737
-0.862447408
0.552742209
-0.030777449
0.317304938
0.798014047
-0.438961486
-0.00821363
1.764093019
0.549136448
1.187102277
-0.030438294
0.339618231
-1.018602683
-0.661221369
-1.402874812
0.644256182
0.276829977
0.258966355
0.487824639
-0.269236931
-0.474595814
1.173469994
-0.39077139
0.359613727
-0.009915175
0.70728126
-0.076250018
-0.157438805
0.52901184
0.507767915
-0.506980107
-0.122348725
0.395819007
0.374989453
0.403135112
0.359774403
-0.053535665
-0.207210642
-0.262054975
-0.125612217
-0.036729113
0.167794153
-0.348206058
0.137054454
-0.308417684
-1.192022636
0.200259895
-0.507965089
-0.177606746
-0.058106879
-0.179249911
0.107454861
0.001755119
-0.20429032
0.712381387
-0.350663986
-0.176625486
-0.990336048
0.611456034
-0.268496068
0.251166409
0.085547627
-0.436330458
-0.263903862
0.138763121
0.490203055
-0.011662626
0.035530718
0.617298735
0.036450819
0.442412743
0.012657122
-0.536813822
0.146780337
0.008671653
-0.304102477
0.089811184
-0.021768444
-0.424792342
0.192676281
0.400446159
-0.008683674
0.69427486
-0.07292221
0.246407634
-0.039766986
-0.306137279
-0.068078048
-0.133302098
-2.058427448
0.596591624
-0.368243904
-0.144459434
0.293337569
0.116871497
-0.624677028
-0.114799587
0.018024977
1.67774088
-0.172719663
1.020506365
-0.154846014
-1.047263713
0.165089512
0.190747308
-0.294869845
0.317976913
0.261456679
-0.107916791
0.110266643
-0.34280222
0.693273205
-0.023767322
0.339776939
-0.327144977
-0.07303274
1.909410257
1.04212979
-0.423949085
1.280005808
-0.411967412
0.026584991
0.301538347
0.990148467
0.572025239
0.067910169
0.062695197
0.562007946
-1.016866604
-0.458913921
